    -0.31623     0.288719   -0.0390548   0.00437557    0.0763723     0.157629    -0.168655   -0.0910136    0.0884605   -0.0522334     0.055612     0.139089    0.0422146    -0.053357   -0.0800023
   -0.325303     0.178211   -0.0389336    0.0793403     0.185109     0.184295    -0.106774      0.10446    0.0742804  -0.00925693   -0.0107462    0.0406515     0.138973     0.089087     0.011288
    0.385194   -0.0174929     0.089763       -0.126    0.0160934     0.174241     0.201666   -0.0148393    0.0691119   -0.0258886    0.0795007     0.102745    0.0208428     0.109881     0.118114
   -0.236332   -0.0999602   0.00989826    0.0408355     0.299033   -0.0662164    0.0375721     0.142021    0.0110515     0.196518      0.10477   -0.0768063   -0.0131645    0.0127526   0.00421532
   -0.160437    -0.149639    0.0338804   -0.0390625     0.261961    -0.112584    0.0194906    0.0519568    -0.092725     0.153653    0.0667629    0.0310258   -0.0772219   -0.0236022   -0.0270989
   -0.219974    0.0554814     0.021412    -0.090451     0.296335   -0.0852955   -0.0230084     0.199195   -0.0691686   -0.0325026      0.15761   -0.0462932   -0.0708817    0.0033959   -0.0264936
    -0.16527    -0.262714    0.0254394    0.0405423     0.214114    -0.123124   0.00136847   -0.0690386   0.00057366     0.200632    0.0476694    0.0656258   -0.0655498   -0.0469355    0.0780885
 -0.00836126     -0.22926    0.0580877    -0.140703     0.140796   -0.0360807   -0.0787414   -0.0951466    -0.209112    0.0807542   -0.0378871    0.0756644   -0.0245794     0.105163   -0.0908615
  -0.0813901    -0.109159      0.05581    -0.152711     0.223353     -0.10591   0.00168957    0.0365542      -0.2199    0.0435534    0.0106576    0.0887491   -0.0860908   0.00717351    -0.116855
  -0.0708992     0.181588    0.0507983    -0.249852   0.00879436    -0.216919     0.108359   0.00209722     0.013081    -0.103469    -0.194383  -0.00685563    0.0227806   -0.0524703     0.120543
  -0.0480226    -0.123328    0.0612876    -0.172158     0.198509   -0.0888036   -0.0085641   0.00879704     -0.24085    0.0339103   -0.0150157     0.101997   -0.0677279    0.0320832    -0.129788
   -0.070129   -0.0513121    0.0598375    -0.192106     0.208216    -0.116343    0.0157888    0.0534076    -0.224019   -0.0233841  -0.00851362    0.0872379   -0.0849436   -0.0160679    -0.108004
   0.0100218    -0.116025    0.0704341    -0.205971     0.162272   -0.0543165    0.0112569  -0.00866726    -0.256233    0.0117985   -0.0542741     0.114907   -0.0187346    0.0432007    -0.150333
   0.0880397    0.0843197    0.0673694    -0.195972   -0.0424831    -0.115703     0.123897    0.0690669   0.00419478  -0.00385519    -0.202235     0.132104    0.0684158   -0.0179795   0.00218857
  -0.0564949     0.125216    0.0608806    -0.251914    0.0994449    -0.183709     0.102184    0.0515584   -0.0830906     -0.14258     -0.14162    0.0544323   -0.0251387   -0.0910399    0.0679956
    0.291773    -0.127686    0.0749083    -0.253152    0.0306803     0.254026     0.165368    -0.103184   -0.0647296   -0.0312604      0.10592   -0.0325305     0.220239   -0.0707698    0.0708205
   0.0297384   -0.0202752    0.0735969    -0.232049     0.115639   -0.0818013    0.0788128    0.0182514    -0.183661   -0.0473645    -0.111206      0.12068    0.0120587    -0.011624   -0.0685348
     0.19035    -0.139831    0.0789798    -0.239959    0.0614906     0.136079    0.0709176   -0.0861935    -0.162365  -0.00733866  -0.00640086     0.021317     0.154648   0.00883068   -0.0587211
   0.0668698    0.0327492    0.0770146    -0.229331    0.0651626   -0.0907288     0.122526    0.0420238    -0.114066   -0.0590086    -0.155671     0.143425    0.0368592   -0.0232734   -0.0201168
   -0.259473     0.302442  -0.00946414     -0.12428    0.0345149   -0.0460802   -0.0870617    -0.147057     0.120437   -0.0959623    0.0901258   -0.0630115   -0.0279625    0.0136624   -0.0315706
   0.0336136    -0.232244    0.0107303   -0.0442521    -0.203064   -0.0198914    -0.275836     0.114173    0.0558258   -0.0465866   -0.0487663    -0.048173   -0.0106287    0.0211334     0.104012
   -0.289334    0.0245384   -0.0161915    0.0806327     0.267114    0.0597555   0.00136051     0.197597    0.0489036     0.102224    0.0334556    -0.109293    0.0951922     0.135626     0.027586
   -0.157557     0.157943     0.040043    -0.216223     0.178167    -0.171788    0.0130384    0.0747095   -0.0572264    -0.192057    0.0232508   -0.0245161    -0.094162   -0.0966361    0.0651178
   -0.268579    0.0166982  -0.00363854    0.0333446     0.288723   0.00532379  -0.00620735     0.199098     0.023702    0.0903836    0.0943961   -0.0940072    0.0433443    0.0923452    0.0129996
   -0.289665     0.158223   -0.0133312   -0.0110259     0.251828      0.05715    -0.100136      0.16263    0.0588548   -0.0579108     0.128127   -0.0236847    0.0709162    0.0780714   0.00568081
    -0.33259     0.245848   -0.0451659    0.0603848     0.139936     0.219394    -0.168791    0.0146428    0.0830592   -0.0378278   0.00158705     0.155082     0.123357  9.46506e-05   -0.0337377
    0.369455   -0.0511357      0.07735    -0.172353    0.0179112     0.221132      0.22007     -0.04051    0.0572296   -0.0325637     0.116314    0.0700875    0.0716777    0.0690433     0.148835
   -0.321882     0.234849   -0.0368866    0.0343524     0.163969     0.172833    -0.157433    0.0428815    0.0886811   -0.0533233    0.0449618     0.103278     0.113456    0.0272207    -0.028127
   -0.247793    0.0623385   0.00881315   -0.0434043     0.295766   -0.0406462   -0.0325097     0.205655   -0.0192814  -0.00124756     0.152292   -0.0659968   -0.0183391    0.0448681  -0.00832106
   -0.232964     0.232817    0.0122803    -0.159615      0.17201   -0.0975404   -0.0706413     0.032407    0.0497005    -0.203203     0.125983   -0.0612699   -0.0617982   -0.0550028    0.0507423
    0.374513    0.0545332     0.122022   -0.0319238  -0.00606294    0.0343973     0.115192    0.0513525    0.0635692   0.00241969   -0.0505889     0.142303   -0.0393447     0.110953   -0.0029695
   -0.312555     0.219961   -0.0291817    0.0136378     0.194944     0.134763    -0.147701     0.082528    0.0889573   -0.0699568     0.079983    0.0615718     0.108439    0.0507018    -0.014695
    0.493551     0.114159     0.226847     0.120058    0.0159306    0.0119481    0.0608751    0.0298889     0.060227   0.00231391   -0.0117045    0.0942122   -0.0746993     0.120655    -0.005286
   -0.253178       0.1767   0.00600168    -0.100277     0.241814   -0.0439642   -0.0827882     0.132057     0.026677    -0.142565     0.165518   -0.0477145   -0.0269578  -0.00323625    0.0197696
    0.230992   -0.0960976    0.0848031    -0.235166    0.0460509        0.147     0.135591    -0.066884    -0.110743   -0.0247087   0.00557914    0.0508088     0.170204  9.70147e-05   0.00174635
   -0.209661     0.148253    0.0244553    -0.155208     0.237731    -0.113941   -0.0384577     0.129053   -0.0375973    -0.162547     0.128211   -0.0404707   -0.0858108    -0.055889    0.0258639
    0.660263      0.27433     0.617599     0.468731    0.0709594    -0.124652    -0.122743   -0.0615845      -0.1057  -0.00627872    0.0136466   -0.0987775    0.0882983   -0.0935202    0.0109676
   -0.195376     0.188849     0.028401    -0.192703     0.191727    -0.145974   -0.0253029     0.076065   -0.0145156    -0.210156    0.0853418   -0.0504693   -0.0916777   -0.0871877    0.0690985
   -0.263312     0.254027  -0.00237981      -0.1167     0.164191   -0.0320252    -0.112093     0.010122    0.0827949    -0.179122     0.148271   -0.0317605    -0.027873   -0.0343246    0.0130737
   -0.304965    0.0456292   -0.0582002     0.216746    -0.113689     0.177689     0.135728    0.0222211    -0.174156    -0.044746    -0.154022   -0.0979309    -0.146404   -0.0158571     0.121469
    0.647696     0.262075     0.588321     0.442393    0.0668265    -0.114085    -0.109171   -0.0550789      -0.0936  -0.00571858    0.0122349    -0.085396    0.0771428   -0.0794932    0.0103432
   -0.306695     0.106302   -0.0586447      0.18109    -0.124905     0.188819     0.083078   -0.0197894    -0.169886   0.00388658    -0.109458   -0.0315257    -0.153393   -0.0489292     0.119552
   -0.340323      0.25574   -0.0520725    0.0812253     0.112422      0.25694     -0.17489   -0.0161489     0.070293   -0.0237821    -0.037747     0.200896     0.118382   -0.0346004   -0.0350919
   -0.340505     0.273111   -0.0555429    0.0817245    0.0674604     0.265871    -0.175321   -0.0732786    0.0510764   -0.0108721   -0.0459961     0.232014     0.073947   -0.0884117   -0.0500926
   -0.302434     0.207381   -0.0535534    0.0984386    -0.131712     0.167041  -0.00351225     -0.11512    -0.111852       0.0772   -0.0166691    0.0482088    -0.137617   -0.0745665    0.0313891
    0.652645     0.115046    -0.612462      0.15205    0.0934362    -0.111619   -0.0330787   -0.0315171   -0.0593883  -0.00470749 -0.000366967   -0.0131278    0.0371743  -0.00530008   0.00560708
   -0.249356     0.307833    -0.014103    -0.116375   -0.0755229   -0.0618576    -0.045392    -0.223382     0.102734    0.0264325    0.0771549   -0.0928205   -0.0398325    0.0737086   -0.0977095
    0.311589   -0.0172873    0.0977897    -0.155095    0.0202094      0.11616     0.178888  -0.00592561   0.00529553   -0.0237719  0.000401782     0.127746      0.06582    0.0857009    0.0609109
     0.42322    0.0745161     0.122927    0.0296854   -0.0106891    0.0190308    0.0784206    0.0631795    0.0847233    0.0117166   -0.0451435     0.124039   -0.0853632     0.111635   -0.0272934
   -0.288053     0.280471   -0.0198205   -0.0660331     0.110076     0.048193    -0.138363   -0.0589634     0.103432     -0.11448     0.106751    0.0307811    0.0118687   -0.0226157   -0.0376034
   -0.275836     0.284098   -0.0345352   -0.0255742    -0.125503    0.0470366   -0.0504605    -0.214384    0.0140472     0.103054    0.0867637  0.000881904   -0.0829689    0.0101233    -0.118111
   -0.308956     0.295002   -0.0381505  -0.00567578    0.0357933     0.135809     -0.14889    -0.129893    0.0788974   -0.0318172     0.055228     0.115503    0.0109444   -0.0527146   -0.0868068
    0.709743      0.14559    -0.793696     0.207065     0.126895    -0.184466   -0.0745629   -0.0676249    -0.147512   -0.0101623   -0.0121206    -0.044113       0.1585   -0.0631162     0.039938
    0.283903    -0.156783   0.00284364     -0.16809   -0.0568849     0.181998   -0.0911734    0.0126132    0.0741285   0.00750823  -0.00757822    -0.169559   -0.0797064    -0.149468   -0.0723849
    0.205691    0.0186742    0.0852108    -0.171622   0.00200958 -0.000753613     0.136697    0.0418924   -0.0198104   -0.0146703    -0.114395     0.147386    0.0574302    0.0292966  -0.00467529
    0.180824   -0.0544279    0.0836724    -0.224655    0.0484683    0.0619105     0.122783   -0.0260804     -0.11098   -0.0288201   -0.0601876    0.0916378     0.116667   0.00782326    -0.019283
   -0.314461     0.283442    -0.045979    0.0303043  -0.00827558     0.169907    -0.127464    -0.143639    0.0348158    0.0126656     0.022279       0.1331   -0.0176957   -0.0709058   -0.0767947
    0.618831     0.233672     0.512385     0.378884    0.0560571   -0.0899003   -0.0729787   -0.0338096   -0.0566482  -0.00304854   0.00425869   -0.0399713    0.0340231    -0.022158   0.00190468
    0.243811    -0.172537   0.00643001    -0.155962   -0.0859629     0.146066    -0.156805    0.0430114    0.0766271     0.012417   -0.0503375    -0.171063   -0.0909621    -0.147517   -0.0770378
    0.506144    0.0373112    -0.148511    0.0141578    0.0148634    0.0690314     0.067193    0.0394921     0.126696   0.00380198    0.0329195    0.0464193    -0.189452    0.0980242   -0.0414953
    0.590127    0.0854742    -0.396848     0.097479    0.0591703   -0.0356853    0.0118302   0.00113856     0.022751 -0.000580548    0.0118758    0.0189622   -0.0647281    0.0483439   -0.0160647
    0.410725   -0.0322501    0.0450354    -0.128504    0.0107808     0.207525     0.196069   -0.0149993     0.110064   -0.0241402     0.118205    0.0619203   -0.0336709    0.0899302     0.117127
    -0.33209     0.285489   -0.0503055    0.0517214    0.0616503     0.228255    -0.178396   -0.0948679    0.0657244   -0.0222309  -0.00186791     0.209234    0.0574946   -0.0854521    -0.075186
   -0.158669    0.0724157    0.0425364    -0.182808     0.247154    -0.147336   0.00255393     0.136497    -0.141182    -0.119216    0.0780416    0.0128203    -0.124477   -0.0733529   -0.0327528
    0.581701     0.188602       0.3947     0.286342    0.0430851   -0.0477958   -0.0240213   -0.0114167   -0.0074692  -0.00143587   0.00586981   0.00555822   -0.0193041    0.0361971   -0.0021387
    0.481412    0.0309868   -0.0421725  -0.00437431   0.00722124    0.0972727    0.0953913    0.0401549      0.13919   0.00120141    0.0417907    0.0652308    -0.185859      0.12002   -0.0222615
    0.471469    0.0619569    0.0929711    0.0279484   0.00985413    0.0716061     0.108314    0.0366462     0.107553 -0.000841292    0.0180029     0.108954    -0.124654     0.154631   0.00458428
   -0.179612     0.266968    0.0245242    -0.225781    0.0272005    -0.198354    0.0243017   -0.0985668    0.0922288    -0.148282   -0.0539104    -0.127268   -0.0257129  -0.00995235     0.123766
    0.236108    0.0475698     0.081255    -0.117081   -0.0381936   -0.0287452     0.106539    0.0825565    0.0385617    0.0115829    -0.132307      0.15054    0.0135641    0.0301703    -0.026473
    0.473369    0.0859316     0.162221      0.06442    0.0120923    0.0422161    0.0916927    0.0347097    0.0824232  0.000257301  -0.00177512     0.111581   -0.0942777     0.144762   0.00188954
   -0.333341     0.280522   -0.0483233    0.0488001    0.0945193     0.226869    -0.188853   -0.0626894    0.0838384   -0.0373358   0.00725684     0.204916    0.0904481   -0.0616221   -0.0729436
  -0.0571213     0.186254    0.0383466    -0.213543    -0.109466    -0.205352     0.103288   -0.0160554    0.0712193    0.0285112    -0.190217   -0.0201131    0.0876158     0.017299    0.0513794
    0.165347    -0.241316    0.0423634    -0.190042   -0.0232176     0.136876    -0.187079   -0.0754548   -0.0753121    0.0140215   -0.0627819    -0.159437    0.0100188    0.0120585   -0.0621451
   -0.140441     0.214154    0.0395457    -0.242969    0.0722721    -0.211652    0.0547071    -0.016178    0.0222942    -0.171361   -0.0889843   -0.0694019   -0.0372794   -0.0635534      0.13695
   -0.229956     0.295219   0.00488631    -0.173816    0.0331638    -0.121254   -0.0447614    -0.138094     0.120589    -0.127908    0.0507907    -0.115115   -0.0363798    0.0142438    0.0325438
   -0.188847     0.285739   0.00874591    -0.187914    -0.111387    -0.182107    0.0382872    -0.187426     0.115657    0.0373137   -0.0377836    -0.156517      0.02312     0.117384  -0.00675719
   -0.128556     0.236428    0.0358288     -0.24289   -0.0189786    -0.229417    0.0804398   -0.0677149    0.0712574   -0.0959617    -0.150577   -0.0942035    0.0197265  -0.00710833     0.136689
   -0.228252    -0.167585    0.0109353    0.0719392     0.282697    -0.089471    0.0672988    0.0865485    0.0350827     0.237194    0.0820387   -0.0679927   -0.0216803   -0.0370032    0.0063081
  -0.0951301    0.0476935    0.0566264    -0.218747     0.191914    -0.158062    0.0412615    0.0822284    -0.169542    -0.107284   -0.0274806    0.0592759   -0.0929451   -0.0725643   -0.0321241
   -0.171902    -0.323399    0.0187801    0.0958543     0.162495    -0.144364   0.00605561    -0.163778    0.0865734     0.157644    0.0317886     0.122096     -0.05278    -0.105884     0.159941
   -0.132995     -0.32996   0.00706524     0.108904    -0.041005       -0.112   -0.0724153    -0.132512    0.0841263    -0.100995    0.0187458      0.10124    0.0101094    0.0544764    0.0877017
   -0.178307    -0.203496    0.0263906    0.0158663      0.25464    -0.118011    0.0193582   0.00925018   -0.0310143     0.204621    0.0714971    0.0314141   -0.0704795   -0.0401406    0.0312712
  -0.0655149    -0.204515    0.0513137    -0.105436     0.180415   -0.0850688   -0.0392088   -0.0555757    -0.172635    0.0937925  -0.00876496    0.0942149   -0.0593956    0.0449116   -0.0580309
   0.0752212    -0.203586    0.0699068     -0.20429     0.111635      0.03985    -0.052697   -0.0973617    -0.248801    0.0430396   -0.0463858    0.0466279    0.0462961     0.109677    -0.148373
    0.304066    -0.149612    0.0534864    -0.242064   0.00925321     0.272576    0.0996066    -0.094101   -0.0194982   -0.0211032     0.110425    -0.120432     0.145081     -0.13304    0.0348301
    0.330498    -0.104697   -0.0336601    -0.122419   -0.0648296     0.148184   -0.0635514     0.060153     0.127656    0.0136547   -0.0109322    -0.116731    -0.144171    -0.136524   -0.0831149
    0.220108    -0.191933     0.058277    -0.235667    0.0163973     0.198026    -0.021785    -0.100604    -0.103701  5.33892e-05    0.0129893    -0.118126     0.121423   -0.0581389    -0.058511
   -0.137405     0.017061    0.0486394    -0.179334     0.254665    -0.145837   0.00936862     0.127131    -0.189411   -0.0703527    0.0652012    0.0449875    -0.134371   -0.0619014    -0.079873
    0.702962     0.142871    -0.767389     0.201644     0.122512    -0.175989   -0.0691113   -0.0621102    -0.135292  -0.00921608   -0.0114421   -0.0382476     0.140428   -0.0526515    0.0341686
       0.331    -0.117612    0.0615957    -0.232204     0.016666     0.275052     0.171242   -0.0868293   0.00370776   -0.0310042     0.138373   -0.0524927     0.153726   -0.0764921     0.102167
    0.347835     -0.09694    0.0673923    -0.217408    0.0175056     0.268637     0.200483   -0.0757082    0.0255291   -0.0341528     0.145341   -0.0123555      0.13719     -0.03151     0.135917
   -0.203536    -0.140169    0.0205626    0.0147067     0.284215   -0.0945728     0.034162    0.0916811   -0.0275024     0.197324    0.0905212   -0.0268477   -0.0470037   -0.0145887  -0.00235502
    -0.13173   -0.0273199    0.0495048    -0.162282     0.263558    -0.137078   0.00683102     0.117606    -0.207483   -0.0222965    0.0690146     0.058653    -0.135035   -0.0448488    -0.106831
    0.379189   -0.0910437   -0.0109309    -0.153244   -0.0181644     0.224266    0.0720405  -0.00531499     0.121037  -0.00828279    0.0932801   -0.0927278   -0.0907761   -0.0907969    0.0030322
   -0.173134    -0.341205    0.0138893     0.120486     0.116563    -0.146671   0.00423438    -0.189126     0.117548    0.0869756    0.0243778     0.135869   -0.0345899   -0.0981348     0.153599
   -0.131922    -0.301547    0.0284674    0.0316561      0.15256    -0.120945   -0.0464966    -0.132951   0.00121638     0.141916    0.0189726     0.105339   -0.0599127   -0.0114958     0.115196
   -0.143737    -0.340699    0.0171723    0.0907955    0.0743505    -0.131731   -0.0491682    -0.180037    0.0818678     0.040883    0.0129083     0.130133   -0.0308148   -0.0184585     0.148866
    -0.11025    -0.328177    0.0246414    0.0409016    0.0709279    -0.111504   -0.0973421    -0.158318    0.0266106     0.054338  -0.00114359     0.108826    -0.040457    0.0387212     0.141237
     0.67526     0.127573    -0.682077     0.174758     0.107119    -0.141195   -0.0502126   -0.0472289   -0.0972829   -0.0072087  -0.00521058   -0.0266025    0.0915512   -0.0313606    0.0220877
    0.645837      0.26066     0.583164     0.438743    0.0660107    -0.113362     -0.10709    -0.053108   -0.0909815  -0.00532148    0.0107449    -0.081502    0.0733615   -0.0745099   0.00869528
   0.0770504    0.0638605    0.0345605    -0.131306    -0.188109    -0.116631    0.0494211     0.160242     0.075032     0.106352     -0.15164       0.1232     0.095354   -0.0788543    -0.055805
     0.35129    -0.105393   -0.0232641    -0.141248   -0.0423448     0.189147   -0.0105505    0.0257973     0.123374   0.00385921    0.0355406    -0.121741     -0.12628    -0.126228    -0.053955
   -0.150503    -0.151446   -0.0204615     0.118706    -0.280532   -0.0581686  -0.00436739     0.106298    -0.059369    -0.143065     0.139262    0.0327768    0.0579638    0.0581363    0.0142583
    0.458288  -0.00843917   -0.0937962   -0.0461797  -0.00362124     0.125714    0.0680397    0.0361786     0.143746   0.00225503     0.051233   0.00156185    -0.185147    0.0351581   -0.0365743
    0.413533   -0.0584689  -0.00477193    -0.134317  -0.00334853     0.224867     0.137329  -0.00734172     0.139806   -0.0153393     0.124474   -0.0298988    -0.102057  -0.00961788    0.0542345
    0.498102    0.0924415     0.116151    0.0908621    0.0122098     0.027651    0.0624612    0.0399715    0.0889717   0.00515864   -0.0017251    0.0880797     -0.12279     0.125371   -0.0224371
    0.706983     0.143667    -0.786399     0.203915     0.125865    -0.180735   -0.0727436   -0.0677139    -0.145946   -0.0104115   -0.0106395    -0.044745     0.158737   -0.0643662    0.0416917
    0.100067     -0.26919    0.0473883    -0.166015   0.00332876    0.0759693    -0.217714    -0.102216    -0.124359    0.0277999   -0.0832139   -0.0968883  -0.00145335     0.117696   -0.0513946
    0.154506    -0.248221    0.0328374    -0.166095   -0.0577971     0.116143    -0.240336   -0.0408361   -0.0322911   0.00844282   -0.0835619    -0.173907   -0.0314274   0.00781647    -0.038041
    0.700947     0.140259    -0.766915      0.19784     0.122238    -0.172514   -0.0680878   -0.0636502    -0.135773  -0.00980305  -0.00913904   -0.0413332     0.144186   -0.0574829    0.0374028
    0.247134    -0.186728    0.0212456    -0.186876   -0.0481408     0.181971    -0.116552   -0.0183936    0.0244311   0.00693345   -0.0195075    -0.181991   -0.0334741    -0.125254   -0.0696768
      0.3649    -0.100887     0.032354    -0.197182   0.00319341     0.266217     0.150578   -0.0537222    0.0713843   -0.0243715     0.140783   -0.0650601    0.0397518   -0.0736225     0.084396
    0.670346     0.124449    -0.668132     0.169388     0.104036    -0.134402   -0.0467171   -0.0435775   -0.0884143  -0.00659344  -0.00404367   -0.0241634    0.0783241   -0.0260808    0.0175863
   0.0939448    -0.249757    0.0198976   -0.0996473     -0.14066    0.0355313    -0.307816    0.0541274     0.037969   -0.0163591    -0.100849    -0.119663   -0.0553596    0.0224572    0.0578085
    0.522877    0.0455154    -0.225236    0.0321969    0.0215589    0.0395613    0.0431978      0.03605     0.104057   0.00529768     0.020945    0.0336951    -0.165859    0.0734392   -0.0467849
   -0.126137     0.113796  -0.00734435   -0.0541434    -0.318283    -0.115498    0.0407904    0.0607023    -0.034264     0.189208    0.0999467    0.0133587     0.089591  -0.00051934   -0.0263534
  -0.0978018     0.156218   0.00673975    -0.115352     -0.25688    -0.148322    0.0541617    0.0154146    0.0371182     0.172736   -0.0141956  -0.00868606    0.0969125     0.021417   -0.0455182
    0.502025    0.0611221   -0.0574241    0.0441118    0.0125323    0.0459865     0.066955    0.0450997      0.11309   0.00594161    0.0119237    0.0752298    -0.164424     0.120138   -0.0362785
    0.668217     0.285135      0.64788     0.491543    0.0742366    -0.135567    -0.137001   -0.0689578    -0.121457  -0.00696955    0.0140091    -0.115542     0.108491    -0.118918    0.0137516
   -0.218746     0.282178   -0.0112634    -0.117607     -0.17179    -0.102995    0.0126821    -0.213757     0.070263     0.134255    0.0523712    -0.113655   -0.0127592     0.117403    -0.108855
   -0.168904     0.118851   -0.0199989  -0.00907865    -0.319887   -0.0675634    0.0440639    0.0261246    -0.088387       0.1792     0.143866   0.00659314    0.0242114  -0.00464655  -0.00823179
   -0.329881     0.245851   -0.0575215     0.100795   -0.0169367     0.242279   -0.0984128    -0.101226   -0.0273647    0.0268171    -0.064554     0.159772    -0.032685   -0.0998461  -0.00307069
    0.262233    -0.125204     0.079623    -0.253876    0.0386153     0.217809     0.147644    -0.097914   -0.0985147   -0.0279161    0.0660044  -0.00892624     0.219693   -0.0511544    0.0340809
 -0.00715313    0.0991786    0.0208892    -0.125528    -0.236194    -0.140987     0.045283      0.11618    0.0646025     0.145263   -0.0955649    0.0685135     0.115938   -0.0496534   -0.0501264
   -0.322088     0.243288   -0.0556391     0.092141   -0.0470622     0.216971   -0.0782672    -0.116948   -0.0435207    0.0384392   -0.0436642     0.130343   -0.0657287   -0.0967117  -0.00420122
   -0.124642     0.233842    0.0235261    -0.204841    -0.146747    -0.217326    0.0917961   -0.0928532     0.088654    0.0709768    -0.134673   -0.0962111    0.0887892    0.0797989    0.0348151
   -0.211201     0.161063   -0.0294588    0.0100224    -0.295624   -0.0237329     0.051779   -0.0483722    -0.115478     0.189901     0.140251   -0.0135853   -0.0515368  -0.00315039   -0.0084249
   -0.122111    0.0271459   -0.0141924   0.00450496    -0.350236   -0.0892854    0.0136984     0.142936   -0.0777946     0.117039     0.169506    0.0448711    0.0935743   -0.0236042    0.0179169
   -0.178499     0.217733  -0.00837062   -0.0965447    -0.245464    -0.119826    0.0488553    -0.106652    0.0152327     0.183095    0.0533484   -0.0733168    0.0293622    0.0792031   -0.0640637
   -0.204049     -0.23858   -0.0241566     0.207533    -0.163409   -0.0611985    0.0927183   -0.0131443     0.015252     -0.26382     0.055877   0.00321817    0.0466588    0.0594686     -0.15844
   -0.154061      0.23451   0.00715162    -0.157085    -0.206244    -0.180165    0.0696452     -0.11201    0.0681145     0.144846    -0.038339    -0.101296    0.0743205     0.102307   -0.0296296
    0.165136    0.0295068    0.0316748   -0.0994481    -0.158168   -0.0637236    0.0216415     0.164612    0.0942021    0.0808781    -0.129543     0.114618    0.0273913   -0.0657785   -0.0667854
    0.262632    0.0421748    0.0614805   -0.0787186   -0.0783307   -0.0266825    0.0660173     0.119664    0.0818052     0.040021    -0.122582     0.139703   -0.0170792    0.0105589   -0.0543884
   -0.293228    0.0261792   -0.0557767     0.213077    -0.144876     0.151193     0.137943    0.0172141    -0.179132   -0.0614037    -0.113127   -0.0865258    -0.147312   -0.0185342     0.103588
   -0.223612    -0.114915   -0.0366623     0.190816    -0.230012    0.0058732     0.103309    0.0467931    -0.108659    -0.179745      0.06972   -0.0214451   -0.0183409     0.044058   -0.0349645
   -0.192113    -0.164641   -0.0275976     0.170727    -0.232713   -0.0342428    0.0579507    0.0513041   -0.0616477    -0.198338    0.0934218   0.00622899    0.0239553     0.062098   -0.0427844
   -0.323189     0.174763   -0.0597436     0.150523   -0.0597547     0.229864  -0.00162758   -0.0543308    -0.101974    0.0253866    -0.116747    0.0561827   -0.0942353    -0.070184    0.0764337
   -0.238366   -0.0358011   -0.0425139     0.174213    -0.239257    0.0472923     0.102957    0.0527745     -0.15758    -0.092923    0.0537139   -0.0293019   -0.0620138     0.011823    0.0419514
   -0.285975    0.0331512   -0.0546441     0.200532    -0.170467     0.139493     0.126783    0.0112866    -0.187972   -0.0537484   -0.0767002   -0.0683738    -0.151151   -0.0234319     0.104287
   0.0437165    0.0171278    0.0180715   -0.0935176    -0.254541    -0.106566    -0.014645     0.204263    0.0725774     0.116023   -0.0809172     0.103057     0.106624    -0.105458   -0.0460995
   -0.164102    -0.220839   -0.0178786     0.152197    -0.210921   -0.0661516   0.00476633    0.0300605  -0.00867338    -0.212016     0.091285    0.0329983    0.0483342    0.0828321   -0.0297372
   -0.152368    -0.261479   -0.0111975      0.14435    -0.170756   -0.0816695    -0.022965   -0.0110175    0.0303364    -0.209038    0.0686081    0.0480417    0.0480577    0.0876307   -0.0165125
   -0.134921    -0.301716 -0.000946094     0.121103    -0.108661   -0.0972715   -0.0637623   -0.0726282    0.0662095    -0.158891    0.0374223    0.0739428    0.0304245    0.0755906    0.0428144
    -0.33349     0.274012   -0.0550713    0.0760204    0.0232016     0.244781     -0.14997    -0.108677    0.0250459   0.00559094   -0.0365823     0.205602    0.0185178    -0.103427   -0.0502005
    0.458564     0.013405    -0.142472  -0.00889012   -0.0132298    0.0603982    0.0219116    0.0625707     0.125202    0.0139786  -0.00188695    0.0182646    -0.172392    0.0242726   -0.0687023
    -0.28978     0.133073   -0.0552234     0.144113     -0.19352     0.148643    0.0777805   -0.0541136    -0.197991    0.0597611   -0.0196275   -0.0171285    -0.190634   -0.0681157     0.112384
   -0.143046    -0.199516   -0.0160885     0.123866    -0.246502   -0.0675157   -0.0278008    0.0736677   -0.0224333    -0.180426     0.112653    0.0377307    0.0585663    0.0797274   0.00884966
    0.040311    -0.285476    0.0499888    -0.135987    0.0429529    0.0185356    -0.203748    -0.129821    -0.153269     0.047173   -0.0785222   -0.0212964   -0.0120402     0.176792   -0.0327835
   -0.194355   -0.0325539   -0.0328071     0.118272    -0.322274   -0.0217212    0.0652635     0.104127    -0.157808   -0.0367966     0.186569     0.012979   0.00686126    0.0174499    0.0422074
    0.604225     0.216532     0.468956      0.34419    0.0505381   -0.0743596   -0.0557229   -0.0249148   -0.0381773  -0.00213465    0.0043368   -0.0238569    0.0146607  -0.00271695 -0.000103198
   0.0703897    -0.274347    0.0248169   -0.0951854    -0.114644    0.0269571     -0.31221    0.0077673   0.00969957   -0.0195662   -0.0997724    -0.109342   -0.0475412     0.078383    0.0729547
      0.3254   -0.0215683   -0.0301314   -0.0508598   -0.0901765    0.0316637   -0.0378038     0.128624     0.130868    0.0357017   -0.0724964    0.0287891    -0.120055   -0.0501517   -0.0822557
  -0.0633325    -0.235335  0.000541216    0.0429768     -0.21802   -0.0675444    -0.166612    0.0811998    0.0287341    -0.113649    0.0422124    0.0289184    0.0414653    0.0743243    0.0964729
    0.565962     0.170439     0.340384     0.249167    0.0368086   -0.0338103  -0.00737604 -0.000311932    0.0125167  0.000212083   0.00339743    0.0232601   -0.0420703    0.0563041  -0.00760392
    0.237619     -0.10946  -0.00353627    -0.102945    -0.135574    0.0642766    -0.140122     0.142345     0.131131    0.0311625   -0.0873263   -0.0630711    -0.111646    -0.143956   -0.0798649
   -0.152949   -0.0672258   -0.0233105    0.0873962    -0.333688   -0.0569372    0.0156012     0.142743    -0.110956   -0.0368381     0.193427     0.038069    0.0612191    0.0196782    0.0434962
  -0.0862004    -0.143894  -0.00926527    0.0497651     -0.29474   -0.0722313   -0.0858588     0.156553   -0.0195763   -0.0687101     0.112224     0.044462    0.0775322    0.0223801     0.056771
  -0.0686991 -0.000323192  -0.00471808   -0.0232793    -0.329172   -0.0966706   -0.0228202     0.177988   -0.0222595     0.105354    0.0993221    0.0600976     0.107067   -0.0514494   0.00816079
    -0.24812     0.128718   -0.0432061    0.0866278     -0.26802    0.0558637    0.0678016   -0.0404761    -0.178613     0.113423     0.102195   -0.0117671    -0.129865   -0.0349778    0.0595812
    0.144727    -0.193302    0.0098503      -0.1039    -0.160675    0.0483052    -0.253177      0.11631    0.0873692   0.00262092   -0.0938168    -0.108758   -0.0744893   -0.0829178    0.0032678
   -0.260591     0.238734    -0.036811     0.004085    -0.200823    0.0375587  0.000762128    -0.169256   -0.0610414      0.15317     0.101385   -0.0113392    -0.107076   0.00138712   -0.0704472
   -0.147723    0.0137144   -0.0206702    0.0376375    -0.358038   -0.0740671    0.0275957     0.138678    -0.114063    0.0864222     0.207931    0.0405808    0.0776308    -0.010358    0.0332289
   0.0122931    -0.165587   0.00343499   -0.0244467     -0.25468    -0.049321    -0.192063     0.176829    0.0539679   -0.0221234  -0.00275437    0.0101524    0.0340599   -0.0332366     0.065078
    0.646402     0.260951     0.585164     0.440039    0.0663298    -0.113427     -0.10843   -0.0543867   -0.0926357  -0.00555941    0.0119105   -0.0847555    0.0762577   -0.0794602   0.00984525
   0.0968429     -0.11171   0.00472288   -0.0687275    -0.236763    -0.027817     -0.16741     0.215209    0.0991273    0.0372368   -0.0607326    0.0101849   0.00124232    -0.127958  -0.00886156
    0.246982   -0.0245038   0.00153999   -0.0758287    -0.134499 -0.000136571   -0.0455082     0.165805     0.128298    0.0535857    -0.105872    0.0545582   -0.0705997   -0.0852506   -0.0844511
   -0.103779   -0.0629713     -0.01336    0.0358366    -0.338707   -0.0792179   -0.0319759     0.179721    -0.062465    0.0147338     0.162061    0.0545993    0.0950932   -0.0108248    0.0462113
     -0.0146   -0.0617828   0.00105889   -0.0323274    -0.301255   -0.0820835   -0.0851292      0.21011    0.0254952    0.0588364    0.0377445    0.0598825    0.0902847   -0.0753157    0.0158338
   -0.220597    -0.209317   -0.0299847     0.220903    -0.172138   -0.0391619     0.125489   0.00196795   -0.0169199    -0.261989    0.0477553     -0.02151    0.0307383    0.0535149    -0.168948
   -0.263698   -0.0935239   -0.0437991     0.225534    -0.139172    0.0633764     0.143314   0.00670961   -0.0911374    -0.160131   -0.0570477   -0.0671871   -0.0604211    0.0129098   -0.0395101
   -0.223102    -0.241596   -0.0262615     0.228426    -0.121138   -0.0535608     0.130901   -0.0357273    0.0348687    -0.252945    0.0192235   -0.0183635    0.0399915    0.0282125    -0.201803
    -0.30413    0.0188698   -0.0565771     0.227128   -0.0934811     0.168898     0.146664    0.0321621    -0.152405   -0.0629831     -0.16991    -0.114994    -0.124107 -0.000472266    0.0980708
   -0.242044    -0.192519     -0.03279     0.233549    -0.114365   -0.0114788     0.146973   -0.0240545  -0.00202141     -0.21724   -0.0186781   -0.0448413   0.00537561    0.0144032    -0.160899
   -0.198342    -0.285818   -0.0155465       0.2012   -0.0919305   -0.0887904    0.0719719   -0.0807325    0.0831902    -0.219056    0.0294289    0.0379424    0.0469497    0.0226824    -0.121424
   -0.300931   -0.0196611   -0.0531717     0.237088   -0.0656172     0.148978     0.158684    0.0359624    -0.115514    -0.080148    -0.180512     -0.13089   -0.0930239    0.0116433     0.056387
   -0.324978    0.0974221    -0.058245     0.195912  -0.00769726     0.223761    0.0601013    0.0294425   -0.0906389  -0.00381901    -0.188905   -0.0420907   -0.0509894    0.0048646     0.105897
   -0.338302     0.232586   -0.0602453     0.123057    0.0156759     0.272546    -0.102517   -0.0636662   -0.0219988    0.0177222    -0.106019     0.172245   0.00411746   -0.0880058    0.0218716
   -0.178711    -0.334501  -0.00359146     0.175196   -0.0348622    -0.121905    0.0189994    -0.155158     0.132994    -0.160312    0.0209785     0.101115    0.0335443  0.000796403   -0.0112991
   -0.342985     0.237482   -0.0592187      0.11894    0.0579272     0.282801    -0.128919   -0.0383264    0.0107781    0.0088317    -0.105455       0.1907     0.057233    -0.066927    0.0121751
     0.27852    -0.162356    0.0577841    -0.247404    0.0141794     0.255862    0.0725274    -0.101636   -0.0541903   -0.0166033     0.084841    -0.120908     0.158457    -0.121184   0.00567065
   -0.238319    -0.237722   -0.0267574     0.237946   -0.0686097   -0.0452333      0.15555   -0.0502377    0.0585366    -0.205629   -0.0179253   -0.0397559    0.0347129   -0.0137651    -0.218342
   -0.192432    -0.337298  -0.00292084     0.183959   0.00990058    -0.127934    0.0460309    -0.172913     0.152571    -0.111048    0.0117141     0.102162    0.0269317   -0.0490868    -0.006369
   -0.233674    -0.270789   -0.0184829     0.226587   0.00276927   -0.0721594     0.141331   -0.0876634     0.116825     -0.12952   -0.0289069   -0.0185294    0.0425343   -0.0607325     -0.18015
   -0.309886  -0.00946238   -0.0508479     0.228771   0.00652639     0.157779     0.140689    0.0537206   -0.0656377   -0.0297901     -0.19834    -0.137221   -0.0422164    0.0236161     0.046104
   -0.312212   0.00630769   -0.0393197      0.18139     0.146292     0.137472     0.071616     0.123864     0.032985    0.0516948      -0.1279    -0.128171    0.0848715     0.102577    0.0240627
   -0.335229     0.141098   -0.0546105     0.161655    0.0884577     0.243812   -0.0249038    0.0658022  -0.00893034    0.0156596    -0.156901    0.0178197    0.0657825    0.0522282    0.0780768
   -0.159482    -0.343241   0.00363113     0.143854   -0.0156679    -0.127751   -0.0247273    -0.166562     0.124218    -0.108444    0.0206061      0.12007    0.0164825   0.00781955    0.0671238
    0.306382    -0.154156    0.0323196    -0.218628   -0.0120613     0.254328    0.0345065   -0.0620229    0.0228997   -0.0109242       0.0812    -0.158713    0.0519238    -0.157286  -0.00902662
   -0.224042    -0.294763   -0.0103116     0.206701    0.0503982   -0.0960855      0.11453    -0.121142     0.142402   -0.0600229   -0.0213398    0.0190444    0.0307731   -0.0905045   -0.0968476
   -0.295388    -0.086728   -0.0374374     0.221609    0.0838447    0.0835798     0.146671    0.0535489    0.0342278   0.00332488    -0.148799     -0.14591    0.0334175    0.0142811   -0.0562772
   -0.175496    -0.349303   0.00304906     0.159581    0.0173344    -0.137643   0.00587264    -0.187512     0.147362   -0.0816566    0.0194557      0.12957    0.0134604   -0.0374337     0.067378
   -0.340251     0.222593   -0.0525694     0.104542     0.118831     0.257352    -0.137461    0.0221311    0.0521576  -0.00793849   -0.0715865     0.150669     0.118809   0.00297331   0.00349666
   -0.333874      0.19711   -0.0460826    0.0957514      0.15661      0.22343    -0.120296    0.0720465    0.0660396    -0.008368   -0.0459139    0.0893711     0.138483    0.0585148    0.0112484
    -0.17912    -0.341674   0.00829114     0.142045    0.0815679    -0.140404    0.0154094    -0.185917      0.13417    0.0227958    0.0177961     0.124147   -0.0126778   -0.0823669     0.106394
   -0.263474    -0.216807   -0.0234422     0.232465    0.0802526   -0.0260119     0.176591   -0.0318881     0.117431   -0.0268242   -0.0903707    -0.104402    0.0495775   -0.0811125    -0.193753
   -0.198343     -0.32871   0.00601089     0.155211     0.118805    -0.138372    0.0525107    -0.170288     0.145836    0.0716233    0.0163603     0.100301    -0.014305    -0.128587     0.091303
   -0.234194    -0.240698 -0.000276938     0.151193     0.198661   -0.0876749     0.102537   -0.0285053     0.110819     0.168575    0.0075742    -0.037281   0.00653208   -0.0975506  -0.00451055
   -0.297777   -0.0387508   -0.0261863     0.156601     0.216444    0.0766999    0.0723387     0.151772    0.0672433     0.127076    -0.061552     -0.15006     0.100671     0.108556    0.0182222
  -0.0873503    -0.281523    0.0385214   -0.0299837     0.136168   -0.0960919   -0.0796011    -0.121492   -0.0732236     0.109305  -0.00572952    0.0985905   -0.0565219     0.048156    0.0593483
      -0.326    0.0969928   -0.0427501     0.144411     0.173287     0.188108    -0.015028     0.138563    0.0451756    0.0468726    -0.103563   -0.0541041     0.131073     0.132993    0.0516067
   0.0704162    -0.287852    0.0377636    -0.124454   -0.0380953    0.0421469    -0.271565   -0.0776655   -0.0688058    0.0100208   -0.0945029   -0.0945694   -0.0295275     0.132969    0.0216836
   -0.254043    -0.237551   -0.0180585     0.220522    0.0952823   -0.0493754     0.162872   -0.0477717     0.128741  -0.00409026   -0.0670083   -0.0798463    0.0446551   -0.0935057    -0.168216
  -0.0709994    -0.303592    0.0127443    0.0387137    -0.093513   -0.0737189    -0.171967   -0.0587397    0.0357385   -0.0822335  -0.00617208    0.0429254  8.30912e-05     0.108119     0.112316
  -0.0252639    -0.298179    0.0180429  -0.00922334    -0.107547    -0.046072    -0.239916   -0.0333324    0.0210111   -0.0617269   -0.0387916 -0.000880982   -0.0143264     0.126732     0.126314
   -0.249522    -0.204907  -0.00579138     0.158357     0.206047   -0.0602248     0.113278     0.017689     0.106698     0.164339   -0.0031983     -0.08026    0.0268826   -0.0655148   -0.0309913
   -0.309611    0.0660728   -0.0279808     0.105756     0.243272      0.11848  -0.00849701     0.205245    0.0580318    0.0736769   -0.0164015     -0.11338     0.136706     0.179761    0.0389938
  -0.0857803    -0.324483    0.0193312    0.0382469   -0.0185561   -0.0896961    -0.146863    -0.121692    0.0309112    -0.032713    -0.010474    0.0756683   -0.0169107    0.0965078     0.126151
   -0.268758    -0.136755   -0.0118416     0.150358     0.229603   -0.0123721     0.100754    0.0919468    0.0874038     0.175548   -0.0117027    -0.124362    0.0537277    0.0066012   -0.0155135
   -0.303663   0.00815515   -0.0272348      0.13502     0.229976    0.0976215    0.0359702     0.178107    0.0632109      0.10763   -0.0435061    -0.134872     0.119669     0.145257    0.0304447
    -0.25419    -0.162862  -0.00309294     0.128756     0.251891   -0.0507521    0.0980329    0.0841352    0.0802177     0.211065    0.0276202    -0.109035    0.0248975   -0.0255718   -0.0120012
  -0.0550801    -0.311458    0.0341664   -0.0283556    0.0526523   -0.0692104    -0.158056    -0.135963   -0.0466789    0.0482394   -0.0327301    0.0625575   -0.0399392     0.113722    0.0933627
   0.0873191    -0.248235    0.0601015     -0.18797    0.0622163    0.0635005    -0.142174    -0.121106    -0.201899    0.0433911   -0.0659154   -0.0281787    0.0312075     0.137396    -0.108892
    0.252078    -0.152401    0.0716611    -0.253645    0.0329431     0.223891    0.0944737    -0.105677    -0.103586   -0.0184674    0.0597655   -0.0587097     0.197187   -0.0702434 -0.000470767
   -0.183428    -0.337013    0.0146678     0.122592     0.152147    -0.152533    0.0231998    -0.186058     0.123023     0.142141    0.0311902     0.134187    -0.045804    -0.139837     0.172782
   -0.241555    -0.168293   0.00525796    0.0979101     0.278921   -0.0784655    0.0868925    0.0951527    0.0592485     0.241364     0.068429   -0.0981819  -0.00307379    -0.037016  -0.00401315
 -0.00655317    -0.312157    0.0318773   -0.0548399   -0.0261725   -0.0284437    -0.242125    -0.101906   -0.0391798 -0.000817952   -0.0646022  -0.00608275   -0.0319309     0.161858    0.0982494
   -0.188285    -0.311621    0.0152466     0.110753     0.179373    -0.141433     0.031356    -0.142253     0.100927     0.175659    0.0352364    0.0979745   -0.0461009    -0.125649     0.142256
    -0.21217    -0.260968   0.00962127     0.117007     0.213085    -0.114053    0.0691427   -0.0551304    0.0888311     0.200826    0.0345452    0.0120024    -0.025261    -0.105669    0.0534343
    0.645885     0.111603    -0.593128     0.146542    0.0892876    -0.104888   -0.0308261   -0.0269657   -0.0505664  -0.00374334 -0.000791894   -0.0109784    0.0249375  -0.00218362  0.000195379
    0.660833      0.27579      0.62346     0.472254    0.0716637    -0.126421    -0.126153   -0.0642491    -0.110651  -0.00670996    0.0146537    -0.105234    0.0963687    -0.104823    0.0131215
    0.596704     0.210856     0.456376     0.331289    0.0479922   -0.0704168   -0.0495712   -0.0210655   -0.0329472  -0.00159052   0.00184903   -0.0163438    0.0105918   0.00387379 -0.000935921
    0.664466     0.120148    -0.650884     0.161909     0.100022    -0.124492   -0.0411268   -0.0381726   -0.0744414  -0.00571833  -0.00166833   -0.0200449    0.0557658   -0.0157523   0.00990169
    0.420103    0.0437539  -0.00587919    0.0111718   -0.0306495    0.0217852     0.033176    0.0863868     0.112511    0.0219578   -0.0462368    0.0821085     -0.12962    0.0571295   -0.0623489
    0.534947    0.0600978    -0.262774    0.0555512    0.0268907   0.00696238     0.025246    0.0343367     0.078833   0.00699585   0.00376017    0.0351888    -0.133045     0.061986   -0.0467156
    0.462621    0.0884723     0.132938    0.0738397   -0.0019661    0.0137339    0.0559796     0.054519    0.0827548    0.0107649   -0.0300128    0.0984902   -0.0999819     0.103441   -0.0316031
     0.50649    0.0599425    -0.152066    0.0466584    0.0125175    0.0200351    0.0412601    0.0488596    0.0977724   0.00982936  -0.00419358      0.06132    -0.147433    0.0866876   -0.0486894
    0.612167     0.224527     0.493977     0.360637    0.0542829   -0.0793886   -0.0618439   -0.0313581   -0.0480139  -0.00355415   0.00699641   -0.0320113    0.0267369   -0.0113813   0.00471142