    0.234473     0.107311    0.0200129    0.0413674     0.294639   -0.0670639    0.0427507     -0.13915    0.0265703    -0.174687   -0.0705698    0.0946608    -0.022403   -0.0153328   0.00973082
    0.324838    -0.172835     -0.03581     0.079808     0.187337     0.181289    -0.109774    -0.100605    0.0804309    0.0137011   0.00523869   -0.0492449     0.133627   -0.0974959     0.018305
   -0.389109    0.0172998    0.0869851    -0.126475    0.0155705     0.179809     0.196547    0.0257973    0.0701602    0.0282845    -0.104334   -0.0807942    0.0197109    -0.112042     0.102653
    0.159735     0.150342    0.0426516   -0.0433629     0.264521    -0.113696    0.0200215   -0.0656358   -0.0873273    -0.153017   -0.0834507  -0.00490722   -0.0920128     0.022134   -0.0050567
    0.163107     0.245357    0.0379653     0.023289     0.221781    -0.122738  0.000811774    0.0417309   -0.0145097    -0.197404   -0.0704442   -0.0372824   -0.0821424    0.0375463    0.0894923
   0.0657121    -0.122145    0.0535011    -0.248978     0.101703    -0.182223    0.0966493   -0.0436434   -0.0872778     0.138776     0.120433   -0.0711649   -0.0353941    0.0818007     0.055296
  0.00844386     0.225731    0.0621385    -0.144977     0.136021   -0.0407895   -0.0795617    0.0752329    -0.214169   -0.0950787    0.0181604   -0.0704308    -0.034707    -0.100022   -0.0639456
    0.225001      -0.1071    0.0209849    -0.112325     0.277387   -0.0819734   -0.0381962    -0.177039   -0.0353013     0.109406    -0.144463    0.0917814   -0.0599178     0.015312   -0.0148588
    0.074549    -0.184138    0.0412896    -0.249429   0.00600667    -0.216873     0.108783    0.0133872    0.0107518     0.106989     0.195794   -0.0365831    0.0109294    0.0404686     0.130499
   0.0748075    0.0998298    0.0614687    -0.166698     0.222592    -0.105262     0.011427   -0.0609128    -0.229293   -0.0390998   -0.0419415   -0.0742509    -0.094571   0.00332294    -0.116176
   0.0689006    0.0498344      0.06234    -0.192253      0.21296    -0.115153     0.033673   -0.0794046    -0.223969    0.0115692    -0.026442   -0.0805121   -0.0890629    0.0304337    -0.114691
 -0.00715926     0.118884    0.0710753    -0.203821     0.163177   -0.0522447     0.020382   -0.0045451    -0.251334   -0.0288195   0.00947927    -0.108921   -0.0226512   -0.0262915    -0.135103
  -0.0858993   -0.0872663    0.0599829    -0.197276   -0.0425939    -0.116195     0.128183   -0.0663398   0.00469961    0.0101775     0.160524    -0.185784    0.0514344    0.0194187   -0.0114352
   0.0223502    0.0284122    0.0681147    -0.222249     0.171193    -0.101548    0.0614798   -0.0615197    -0.222219    0.0398452    0.0201759      -0.1158   -0.0484645    0.0348696     -0.11434
   -0.295722     0.126779    0.0718341    -0.253978    0.0284739     0.257649     0.161293     0.102452   -0.0650866    0.0189726   -0.0924876    0.0489478      0.22832    0.0636865    0.0631419
  -0.0474539    0.0344943     0.073544    -0.230863     0.113411   -0.0587381    0.0860641   -0.0289865    -0.191071    0.0293319    0.0597783    -0.143931    0.0166728    0.0142564   -0.0975671
  -0.0983789     0.113008     0.077794    -0.230649     0.109392    0.0248678    0.0576594    0.0265777    -0.222915  -0.00932176    0.0249504    -0.105224    0.0655408   -0.0259393     -0.11809
  -0.0631205   -0.0374764    0.0720697    -0.232915    0.0622892   -0.0924247     0.129574   -0.0506664    -0.115018    0.0579393     0.117326    -0.183272    0.0286532    0.0347533   -0.0460054
    0.260883    -0.304282   -0.0171315      -0.1229    0.0374566   -0.0414648   -0.0946411     0.154707     0.100773     0.100608   -0.0703413    0.0732797   -0.0184944   0.00713154   -0.0281475
  -0.0344537     0.230372   0.00854327   -0.0452045    -0.204963   -0.0267488     -0.27301     -0.11195    0.0532571    0.0547115    0.0592258    0.0260052  -0.00577219   -0.0243554    0.0728471
    0.172946      0.28413    0.0332156    0.0668141     0.195033    -0.130652    0.0103926    0.0983046    0.0406037     -0.19391   -0.0573449   -0.0571167    -0.068029    0.0746583     0.125316
    0.289803   -0.0210596  -0.00846058    0.0803142     0.270176    0.0572482  0.000863273    -0.195485    0.0758852   -0.0827595  -0.00218758     0.107587    0.0969234    -0.143107    0.0117805
    0.268455   -0.0137763   0.00366302     0.032387     0.292009   0.00553289  -0.00640268    -0.201084    0.0449757   -0.0717645   -0.0655084     0.110877    0.0452536    -0.104377   0.00299445
    0.290316    -0.140643   -0.0107048  0.000237191     0.259254     0.060715   -0.0916898    -0.168867    0.0675411    0.0494079     -0.10189    0.0571448    0.0816964    -0.101841   0.00147382
    0.322536    -0.223139   -0.0362219    0.0407533     0.173621     0.173363    -0.156781   -0.0532488     0.085894    0.0521501   -0.0562357   -0.0869568     0.116524   -0.0468313  -0.00576426
   -0.373341     0.051099     0.074349    -0.172746    0.0170825     0.226899     0.213644    0.0511187    0.0584742    0.0320842    -0.130488   -0.0407697    0.0741699   -0.0740658     0.134357
    0.246643   -0.0598437    0.0140088   -0.0458636     0.300098   -0.0402789   -0.0307476    -0.209932  -0.00501936    0.0170225    -0.132828     0.104657   -0.0141335   -0.0527687   -0.0175575
    -0.36069   -0.0508762     0.113616   -0.0468978   -0.0115361    0.0352468      0.11608    -0.046498     0.060116   0.00294488    0.0157881    -0.155426     -0.03342   -0.0925051   -0.0161686
      0.3123    -0.214897   -0.0283324    0.0148562     0.197674     0.133252    -0.149768    -0.078329    0.0885342    0.0724049   -0.0857885   -0.0419998     0.107751   -0.0607528  -0.00468641
   -0.236704    0.0613922    0.0869892    -0.213753    0.0410586     0.111569      0.14941      0.03137   -0.0911044    0.0157864  -0.00542633    -0.110885     0.128212   -0.0284033   -0.0180734
   -0.500152    -0.118059     0.221281     0.119042    0.0135004    0.0147468     0.058265   -0.0238672    0.0651025   0.00415642   -0.0158204   -0.0901772   -0.0881171    -0.119831   -0.0106345
    0.258577    -0.181029   0.00249131   -0.0910168     0.235104   -0.0297106   -0.0869986    -0.113206     0.039745     0.142838    -0.139192    0.0863043  -0.00442252   -0.0059069   0.00773562
   -0.239473    0.0946097    0.0834985     -0.23607    0.0444727     0.153823     0.142812    0.0601464    -0.112344    0.0129789   -0.0236829   -0.0641254     0.173614  -0.00196497   -0.0138036
    0.205012    -0.165817    0.0237477    -0.169903     0.223002    -0.120517   -0.0335484    -0.105078   -0.0301759     0.192519    -0.102672    0.0782054   -0.0777095    0.0747993    0.0279045
   -0.661476    -0.286504     0.623074      0.45578    0.0593192    -0.126999    -0.120413    0.0493625     -0.10929  -0.00416373    0.0143776    0.0953385    0.0963818    0.0908239    0.0126119
    0.228684    -0.219531    0.0107309    -0.159124     0.182896   -0.0977878   -0.0636697   -0.0401741    0.0297271     0.203743   -0.0988618    0.0906936   -0.0481773    0.0584771    0.0468924
    0.264503    -0.255307  -0.00626687    -0.117166      0.16721   -0.0296124    -0.118734   0.00105056    0.0726806     0.188121    -0.139978    0.0699766   -0.0165312    0.0435877    0.0059806
   -0.649211     -0.27376     0.593669     0.430361    0.0559146      -0.1161    -0.107035    0.0442866   -0.0967935  -0.00348671    0.0119503    0.0823304     0.084132    0.0768026    0.0116619
    0.307178    -0.091052   -0.0578342      0.19228    -0.123391      0.19199     0.093192 -0.000435606    -0.173301   0.00061169     0.122456    0.0181801    -0.147184    0.0416601     0.116692
    0.339644    -0.251843   -0.0517015     0.080408     0.115659     0.252778    -0.181074    0.0159145    0.0614736    0.0201616   -0.0102564    -0.208455     0.104969    0.0309549  -0.00465372
     0.33988    -0.270845   -0.0564902    0.0804544    0.0694742     0.262032    -0.182696    0.0723655    0.0375224   0.00370777   -0.0121996    -0.239377    0.0594908     0.088839   -0.0206612
    0.300008    -0.150469   -0.0590291     0.145709    -0.164679     0.175897    0.0555252    0.0492868    -0.183819   -0.0681577    0.0338934   -0.0048199    -0.178105    0.0731689    0.0974168
   -0.647069    -0.102285    -0.606326     0.166563     0.104852     -0.11354   -0.0294351    0.0266005   -0.0630671 -0.000237766   0.00326514    0.0105043    0.0392167   0.00430845   0.00509252
     0.32915    -0.286533   -0.0533055    0.0493958    0.0407736     0.219421    -0.175465     0.115187    0.0384873   0.00158952   -0.0467135     -0.19913    0.0250177    0.0976396   -0.0594419
   -0.316612    0.0170055    0.0961317    -0.155731    0.0207601     0.121584     0.179694    0.0109726   0.00178964    0.0226643   -0.0363698    -0.133496    0.0642766   -0.0857861    0.0362794
   -0.467039    -0.101651     0.174441    0.0830348   0.00207901    0.0114657    0.0608463   -0.0390214      0.07206  0.000584819  0.000408228     -0.10578     -0.08916    -0.106135   -0.0242474
     0.28891    -0.280349   -0.0239819   -0.0655244     0.114178    0.0504259    -0.146183    0.0649691    0.0898179     0.118522    -0.110148  -0.00854303    0.0195184    0.0325446   -0.0317895
    0.277316    -0.287473   -0.0426633   -0.0245524    -0.122534    0.0520248   -0.0602985     0.208437   0.00332378    -0.117647   -0.0954365    0.0145409   -0.0741661  -0.00160198    -0.161429
    0.310793    -0.293834   -0.0436001  -0.00040587    0.0361797     0.143044    -0.157424     0.130925    0.0589642    0.0217633   -0.0793714    -0.110778    0.0106492    0.0638687   -0.0806831
   -0.703145    -0.129885    -0.787007     0.226179     0.142228    -0.188447   -0.0668332    0.0555666    -0.155693  -0.00270632    0.0218368    0.0308458     0.164958    0.0577585    0.0311879
    -0.21965     0.188199    0.0572811    -0.238456    0.0159609       0.1928   -0.0193654    0.0946516    -0.112947   -0.0130034    0.0215402     0.105485     0.135136    0.0498485   -0.0495898
   -0.285538     0.156795  -0.00253938    -0.167832   -0.0587803     0.179655   -0.0979879   -0.0072304    0.0757776  -0.00391783     0.055164     0.168473   -0.0702723      0.14887   -0.0633869
   -0.204924   -0.0181076    0.0814112    -0.176992   0.00256872   0.00304794     0.144572   -0.0407302   -0.0251354    0.0158365    0.0699194     -0.18591     0.054207   -0.0256445   -0.0279548
   -0.173921     0.071413    0.0827344     -0.22978    0.0627154    0.0668832     0.120052    0.0244986    -0.144966    0.0121687    0.0239522    -0.119861      0.11396    -0.015172   -0.0616052
   -0.622063    -0.243812     0.514902     0.369744    0.0471491   -0.0908403   -0.0722164     0.027077   -0.0577831  -0.00217635   0.00656915     0.039032    0.0350688    0.0205836   0.00184695
   -0.245438     0.172067  0.000247173    -0.155733    -0.088016     0.141967    -0.161904   -0.0388338    0.0774167  -0.00706926    0.0962285     0.157042   -0.0817094     0.147323    -0.075586
    0.156459    -0.142446    0.0375658    -0.209994     0.190224      -0.1629    0.0190841   -0.0858798   -0.0737552     0.180298   -0.0232865    0.0353596   -0.0881175    0.0916745    0.0398201
    -0.50475   -0.0322494    -0.148086    0.0170134    0.0173022    0.0722627     0.062146   -0.0281084     0.132715   0.00742755   -0.0433855   -0.0249024    -0.196649   -0.0922113   -0.0281471
   -0.586261   -0.0761904    -0.393012     0.106389    0.0663007   -0.0350997    0.0117807  0.000884426    0.0238752   0.00291497   -0.0165291   -0.0114884   -0.0681608   -0.0462858   -0.0112521
   -0.413468    0.0330505    0.0419203    -0.128483    0.0102424     0.212889     0.187723    0.0290795     0.113827    0.0291326    -0.129482   -0.0250308   -0.0335732   -0.0920095     0.113602
    0.332155    -0.281437   -0.0495305    0.0442159    0.0947894     0.220803    -0.197938    0.0701321    0.0700866    0.0359438   -0.0598647    -0.201294    0.0753507    0.0702083   -0.0492877
    0.160574   -0.0793725    0.0418915    -0.183486     0.247189    -0.144189    0.0114843    -0.143466    -0.127901     0.127903   -0.0837171    0.0276126    -0.115112    0.0813224   -0.0356145
   -0.584824    -0.196188     0.395632     0.279941    0.0365379   -0.0477939   -0.0250438   0.00995252  -0.00712521  0.000844952  -0.00710026  -0.00179875   -0.0216154   -0.0352835  -0.00219483
   -0.481282   -0.0278607    -0.043371  -0.00382958   0.00782604     0.101441     0.089354   -0.0271271     0.145907    0.0107137   -0.0570449    -0.040808    -0.194057     -0.11441   -0.0116549
   -0.473984   -0.0623522    0.0891874    0.0275903   0.00878842    0.0748312     0.103076   -0.0258721     0.112324    0.0103431   -0.0463506   -0.0935876    -0.134694    -0.149207   0.00279736
    0.186298    -0.273316    0.0144064    -0.225401    0.0355672    -0.194401    0.0161558     0.116729    0.0802954     0.172388    0.0859689     0.115477   -0.0293309    0.0242458     0.158504
   -0.477113    -0.087987     0.158114    0.0631982    0.0100953     0.045206    0.0880127   -0.0262782    0.0864314   0.00754798    -0.028842    -0.103524    -0.104869    -0.140333  -0.00335829
    0.316953    -0.283489   -0.0411895   0.00479843     0.092775     0.157738    -0.179154    0.0780764    0.0767207     0.056195   -0.0895483    -0.124301     0.048799    0.0535903   -0.0610552
   0.0594019    -0.190007     0.027732    -0.213703    -0.109794    -0.205592     0.105785    0.0239524    0.0706425   -0.0220246     0.187668   -0.0340829    0.0700881   -0.0283455    0.0598865
   -0.165024     0.238289    0.0397576    -0.190758   -0.0273064     0.127518    -0.191419    0.0649104   -0.0828596   -0.0247229      0.10924     0.135651    0.0154184   -0.0134865   -0.0623786
    0.149081    -0.220545    0.0299239    -0.241303     0.073626    -0.209677    0.0502714    0.0383906    0.0192825     0.182031     0.106682    0.0627348   -0.0413263    0.0599699     0.157908
    0.231167    -0.297274  -0.00385259    -0.172044    0.0348285    -0.116078   -0.0492607     0.147976     0.101905     0.136028   -0.0108314     0.112424   -0.0242879   0.00503119    0.0515774
    0.190755    -0.289758  -0.00285537    -0.187442    -0.109917    -0.179933    0.0356731     0.193539      0.10344   -0.0341969    0.0740441     0.133351    0.0203311    -0.116439  -0.00532194
    0.131303    -0.240158    0.0253521    -0.242988   -0.0199578    -0.229201     0.080533    0.0842235    0.0635112     0.104363     0.176241    0.0551089    0.0105262  0.000911765     0.160241
    0.231567     0.160664    0.0206698    0.0722911     0.279351   -0.0815164    0.0638558   -0.0895807     0.054195     -0.21058   -0.0515213    0.0823197   -0.0230448    0.0249511    0.0234736
   0.0930366   -0.0501245    0.0555709    -0.219883     0.193957    -0.150449    0.0518961   -0.0951359    -0.169483     0.106699   0.00204288   -0.0517073   -0.0893647    0.0784352   -0.0483809
    0.179608      0.32192    0.0294834     0.104124     0.160667    -0.147299    0.0141694     0.163668    0.0909233    -0.160218   -0.0630381   -0.0979633   -0.0598467     0.114417     0.165832
    0.133418     0.328642    0.0155712     0.107215   -0.0448354    -0.115243   -0.0760362     0.142624    0.0629624      0.09848   -0.0515747    -0.097806   0.00557648   -0.0595192    0.0679206
    0.193091     -0.02222    0.0346922    -0.111928     0.293578    -0.106849  -0.00104071    -0.185729    -0.100696    0.0278107    -0.131811    0.0603768   -0.0965288    0.0238235   -0.0558971
    0.177434     0.204415    0.0370562    0.0116894     0.255015    -0.118604    0.0158196   -0.0185945   -0.0263217    -0.202246   -0.0840378  -0.00455119   -0.0860461    0.0332197     0.059164
    0.196983     0.162499    0.0325804    0.0136631     0.278863     -0.10452     0.031286   -0.0759745   -0.0173194     -0.19609   -0.0858819    0.0364051   -0.0705686    0.0211003    0.0301674
    0.064277      0.20362    0.0574532    -0.111291     0.179311   -0.0862988   -0.0409509    0.0378374    -0.180879    -0.105974    -0.021844   -0.0796479    -0.072174   -0.0457905    -0.038076
  -0.0731422     0.196984      0.07058    -0.206357     0.101411      0.02897   -0.0522378     0.078023     -0.24485   -0.0569311    0.0452028   -0.0556346    0.0398131    -0.098195    -0.118738
   -0.306621     0.148658    0.0495781    -0.242506   0.00676548      0.27354    0.0918984    0.0959843   -0.0187247    0.0120478   -0.0710234     0.142226     0.156074     0.125756    0.0418619
   -0.332157     0.105911    -0.039729    -0.121364   -0.0649885     0.147568     -0.06956   -0.0500522     0.132269  -0.00342582     0.042425     0.119796    -0.139133     0.138485     -0.07163
    0.133302   -0.0317712    0.0500844    -0.187001     0.246848    -0.143487    0.0249917    -0.137128    -0.172841      0.08469   -0.0705881   -0.0103464    -0.121365    0.0734697   -0.0732937
   -0.696445     -0.12756    -0.760803     0.220023     0.137248    -0.179666   -0.0619055    0.0509489    -0.142729  -0.00250498    0.0197865    0.0262464     0.145905    0.0480003    0.0264065
   -0.334272     0.117191    0.0579844    -0.232641    0.0147129     0.278667     0.163482    0.0922133   0.00506162    0.0237163    -0.117365     0.082728     0.163012    0.0684232     0.100596
    -0.14549     0.230703    0.0554909    -0.208022    0.0217621     0.117569    -0.126214    0.0960994    -0.153718   -0.0380313    0.0753518    0.0791465    0.0636498   -0.0504084   -0.0724002
   -0.351338    0.0967037    0.0638983    -0.217823    0.0158806      0.27328     0.192549    0.0835379    0.0270876    0.0289542    -0.135268    0.0459914     0.144868    0.0235498     0.129575
    0.218916     0.092452    0.0266297   0.00114051     0.302554   -0.0841566    0.0277684    -0.149126   -0.0138635    -0.152568    -0.100787    0.0815559   -0.0529847  -0.00922353   0.00169255
     0.12931    0.0270606    0.0524847    -0.161826     0.263381    -0.129879    0.0186774    -0.134799    -0.194705    0.0165141   -0.0887448   -0.0211986    -0.126056      0.04694    -0.104482
   -0.380957    0.0923794   -0.0151099    -0.152565   -0.0188926     0.226628    0.0624315    0.0178303     0.126034    0.0141871   -0.0630203     0.124015   -0.0840054    0.0894385    0.0200289
    0.174672     0.337836    0.0261035     0.118547     0.114783    -0.147709   0.00208654     0.190617     0.103228   -0.0933165   -0.0605909    -0.116847   -0.0433141    0.0933832     0.150413
    0.133233     0.298838     0.038566    0.0291661     0.150816    -0.123984   -0.0475422     0.125004  -0.00706085    -0.148947   -0.0482546   -0.0867787   -0.0726944   0.00699874      0.13155
    0.144483     0.338565    0.0278237    0.0886147    0.0706161    -0.134617   -0.0522888     0.182673    0.0639067   -0.0466474   -0.0504546    -0.118545    -0.039601    0.0118753     0.143566
    0.110587     0.325795    0.0337755    0.0379441    0.0672772    -0.115466   -0.0994917     0.155906   0.00920499   -0.0615192   -0.0306735    -0.100773   -0.0494928   -0.0456903     0.139883
   -0.669425    -0.113677    -0.676418     0.190998     0.120149    -0.143969   -0.0447979    0.0393145    -0.102862  -0.00117813    0.0110446    0.0194168    0.0953877    0.0283598    0.0176062
   -0.648204    -0.272271     0.587801     0.427397    0.0554009    -0.115094    -0.105223    0.0427061   -0.0936432   -0.0035032    0.0118523    0.0789165    0.0788728    0.0715171   0.00993235
  -0.0763561   -0.0668551    0.0267966    -0.131408    -0.188225     -0.11926    0.0571559    -0.160593    0.0861401   -0.0957749     0.109287    -0.168695    0.0824785    0.0773805   -0.0489221
   -0.352888     0.106642   -0.0282898    -0.140406   -0.0429542     0.189624   -0.0185492   -0.0148632     0.127932   0.00403702 -5.45845e-05     0.137367    -0.119582      0.12672   -0.0384709
    0.150206     0.149958   -0.0196052     0.117783    -0.278602   -0.0579812 -0.000795117    -0.102729   -0.0527474     0.145256    -0.138443   0.00149987    0.0599689   -0.0488697     0.021843
   -0.458566    0.0122006   -0.0956397   -0.0443424   -0.0019429     0.129287    0.0613996   -0.0224176     0.150163   0.00930373   -0.0491323    0.0247944    -0.188532   -0.0314702   -0.0195297
   -0.415325    0.0601289  -0.00824855    -0.133693  -0.00372222     0.228997     0.127065    0.0226557     0.145469    0.0226402    -0.110091    0.0720084   -0.0983302   0.00824861    0.0690118
   -0.498262   -0.0910637     0.102172    0.0858219    0.0103189    0.0300822    0.0590289   -0.0329344    0.0946297   0.00360224   -0.0211382    -0.079225     -0.13419     -0.11892   -0.0225489
   -0.700552    -0.128115    -0.780021     0.222888     0.141119    -0.184664   -0.0651185    0.0559057    -0.154121  -0.00238814    0.0205464    0.0319402     0.165365    0.0588951    0.0329715
   -0.155216     0.246456     0.030201    -0.167148   -0.0621648     0.108562    -0.244095    0.0351356   -0.0397911   -0.0138712     0.131388     0.146539   -0.0218875   -0.0109048   -0.0442425
   -0.694618    -0.125034    -0.760698     0.216322     0.137071    -0.176273   -0.0609477    0.0526556    -0.143489  -0.00209452    0.0183534    0.0297877     0.150418    0.0525962    0.0297249
    -0.24862     0.186011    0.0165358    -0.187149   -0.0509503     0.178251      -0.1229    0.0193227    0.0236635   -0.0082604    0.0710229     0.174706   -0.0235295     0.123631   -0.0633252
   -0.367504     0.101329    0.0284981    -0.197125   0.00176034     0.269831     0.140811      0.06412    0.0748547    0.0236444    -0.116015     0.102965     0.048285    0.0678059    0.0922202
   -0.664483    -0.110793    -0.662588     0.185283     0.116707    -0.137172   -0.0417987    0.0363096   -0.0937146  -0.00102591   0.00952809    0.0179824    0.0821222    0.0237796    0.0141653
  -0.0950134     0.248118    0.0171078    -0.100587    -0.143724    0.0277978    -0.307563   -0.0542527    0.0314288    0.0202508      0.12971    0.0851153    -0.047188   -0.0274636    0.0289796
   -0.520592   -0.0391033    -0.223947    0.0367939    0.0254516    0.0418174    0.0394623   -0.0268703     0.108719    0.0043008   -0.0285661   -0.0172729    -0.171513   -0.0681006   -0.0342863
    0.127101    -0.117124   -0.0164802   -0.0551185    -0.316661    -0.116487    0.0455956   -0.0748945   -0.0138951    -0.192984    -0.108196    0.0176504    0.0900941  -0.00933146   -0.0152313
   0.0991512    -0.159987  -0.00367449    -0.115937    -0.255567    -0.148804    0.0581609   -0.0221504    0.0485942    -0.172372   0.00806145   0.00193315    0.0889172   -0.0305529   -0.0415262
   -0.501824   -0.0576931   -0.0634491     0.045537    0.0137576    0.0477723    0.0615106   -0.0353637     0.118241    0.0047443    -0.030394   -0.0598994    -0.173842    -0.112776   -0.0298576
   -0.670319    -0.298191     0.654234     0.478532    0.0622469    -0.137891    -0.134045    0.0553991    -0.125303  -0.00490569    0.0178886     0.110913     0.117243      0.11423    0.0158153
    0.220222    -0.284949   -0.0221511    -0.116311    -0.168773   -0.0995737   0.00905905     0.208234    0.0602626    -0.138389   -0.0306683     0.115412   -0.0102551    -0.113984    -0.135266
    0.170029    -0.121849   -0.0279877   -0.0101132    -0.317445   -0.0681349    0.0470458   -0.0424377   -0.0682603    -0.186391    -0.148728    0.0416701    0.0310967  -0.00614615  -0.00782029
    0.314044     -0.27215   -0.0520787    0.0444247   -0.0283564     0.174854    -0.113999     0.139611  -0.00367083   -0.0397157   -0.0400183    -0.118337   -0.0398562    0.0764795   -0.0638944
    0.329862    -0.243319   -0.0592063     0.101316   -0.0143572     0.241149    -0.103599    0.0940614     -0.03853   -0.0353653    0.0230891    -0.168896   -0.0398534    0.0985793   0.00856056
   -0.267322     0.123976    0.0771049    -0.254908    0.0363773      0.22198     0.147472    0.0934879   -0.0995654    0.0144252   -0.0618975    0.0131019      0.22606    0.0465512    0.0239005
  0.00844543    -0.102756    0.0112717    -0.126625    -0.235599    -0.143028    0.0515414    -0.119202     0.078577    -0.138356    0.0692177   -0.0975869     0.102877    0.0450773   -0.0407656
   -0.376534   -0.0625615    0.0884563  -0.00641205   -0.0305911   0.00668138    0.0695966   -0.0733765    0.0877209  -0.00805698    0.0337981    -0.137766    -0.079023   -0.0692736   -0.0433472
    0.322178    -0.241202   -0.0580108    0.0926751   -0.0442931     0.216024   -0.0824206     0.109814    -0.053373   -0.0469482    0.0111111    -0.132551   -0.0694162    0.0947941  -0.00269831
    0.126844    -0.238066    0.0116434    -0.204929    -0.146177    -0.216686    0.0926974    0.0986144    0.0859653   -0.0670377     0.151282    0.0531314    0.0735683   -0.0922931    0.0424035
    0.122615   -0.0300443   -0.0210576    0.0030153    -0.348503   -0.0903228    0.0195229    -0.158802   -0.0528355    -0.120208    -0.177511   0.00790191    0.0991665    0.0223783     0.048324
    0.179849    -0.221448   -0.0190091    -0.096227    -0.243385    -0.117951    0.0498281    0.0973942    0.0190287    -0.190032   -0.0418099    0.0838171    0.0277381   -0.0872454   -0.0794238
    0.205202     0.238617   -0.0172224     0.208184    -0.164987   -0.0588876    0.0904283    0.0328951  0.000711615     0.268379   -0.0617459   0.00238062     0.044266   -0.0553015     -0.15824
    0.155809    -0.238616  -0.00457528     -0.15697    -0.204727    -0.178962    0.0704334     0.109984    0.0684482    -0.145819    0.0552596    0.0833207    0.0652429    -0.113321   -0.0328571
    0.254883    -0.310947    -0.025343    -0.108096   -0.0691335    -0.045324   -0.0597078     0.223702    0.0821275   -0.0289752   -0.0633453    0.0877983   -0.0335998   -0.0489388    -0.123738
   -0.268113  -0.00984575    0.0110959   -0.0661149    -0.109727   -0.0147568    0.0022822    -0.143019     0.122946   -0.0350378    0.0801866    -0.120452   -0.0674139    0.0461154   -0.0762595
   -0.240224   -0.0538434    0.0737131    -0.106283   -0.0524469   -0.0358353     0.100445   -0.0913715    0.0537936   -0.0128441    0.0921847    -0.190537  -0.00431423   -0.0205469   -0.0483649
    0.294719    -0.025233   -0.0538032     0.217289    -0.145714     0.157944      0.14186   -0.0304422    -0.181105    0.0556271      0.13127    0.0653437    -0.137482    0.0160336     0.099794
    0.283982   -0.0366826   -0.0534227     0.198381    -0.182309     0.140603     0.128427   -0.0258682    -0.194835    0.0395907    0.0768362    0.0586716    -0.145084    0.0235269     0.106912
    0.225307     0.115043   -0.0340737     0.193746    -0.230505    0.0110477     0.106611   -0.0400827    -0.113523     0.184218   -0.0615191    0.0417869   -0.0217757   -0.0378674   -0.0297312
     0.19321     0.164603   -0.0244417     0.172197    -0.233025   -0.0320297    0.0604755   -0.0420443   -0.0656168     0.203539   -0.0930732     0.016115    0.0231975   -0.0557254   -0.0408696
    0.323588    -0.171964   -0.0599549     0.152572   -0.0581914      0.23218  -0.00590906      0.04189    -0.108564   -0.0334936    0.0936921   -0.0822059   -0.0955011    0.0702323    0.0821444
  -0.0422474   -0.0193042   0.00842177   -0.0968094    -0.254321    -0.109555  -0.00969934    -0.206854    0.0919226     -0.10518    0.0521357    -0.125064    0.0934292     0.111824   -0.0354828
    0.158209     0.213684   -0.0139205     0.143289    -0.227653   -0.0671446  -0.00716846   -0.0345325   -0.0236115     0.211911    -0.113445   -0.0148695    0.0516615   -0.0846955   -0.0151582
    0.152761     0.260551  -0.00574183     0.143846    -0.173149   -0.0822403   -0.0240421    0.0238672    0.0164231     0.213445   -0.0844576   -0.0360285    0.0466552   -0.0862432   -0.0299002
    0.235938   -0.0175861   -0.0441839      0.14456    -0.269846    0.0499735    0.0944713   -0.0530438    -0.175531    0.0163902    -0.083397    0.0507704   -0.0789155    0.0127649    0.0754719
    0.135297     0.300592   0.00591055      0.11992    -0.111879   -0.0997342   -0.0662718    0.0846696    0.0479596      0.15977   -0.0622801   -0.0689919    0.0280175   -0.0779527    0.0226854
    0.333348    -0.270751   -0.0571272    0.0767307    0.0259265     0.243047    -0.155967     0.103316   0.00950337   -0.0128959   -0.0142979    -0.208807   0.00794552     0.105129   -0.0285346
   -0.459542  -0.00832404    -0.144131  -0.00669401  -0.00906646    0.0649446     0.019571   -0.0498882     0.131486  -0.00111778  -0.00484119  -0.00628972    -0.179823   -0.0212759   -0.0551917
    0.220724    0.0590254   -0.0377134     0.164558    -0.266877      0.01828    0.0949831   -0.0667336    -0.144747     0.108188   -0.0941122    0.0456468    -0.034543   -0.0166723    0.0307828
   -0.607803    -0.226546     0.473974     0.336735    0.0430616   -0.0749956   -0.0546506    0.0209125   -0.0397281  -0.00107508   0.00175171    0.0236611    0.0158974  0.000449689  0.000891553
  -0.0712765     0.272616    0.0237545   -0.0965697    -0.118377    0.0189542    -0.312222  -0.00958665 -0.000379445    0.0194594     0.125966    0.0757265   -0.0397619   -0.0844831    0.0456195
   -0.648921    -0.272802     0.590703     0.428846    0.0558094    -0.115124    -0.106304    0.0440405   -0.0955443  -0.00340605    0.0114196    0.0821145    0.0823369     0.075782    0.0115313
   0.0634729     0.233265   0.00145659     0.042005      -0.2197   -0.0723484    -0.163416   -0.0764432    0.0250708     0.118795    -0.050626   -0.0253077    0.0434955   -0.0730897    0.0769396
   -0.569029    -0.176955     0.340253     0.244131    0.0314386    -0.033767  -0.00911896  0.000954177    0.0132389   0.00123084   -0.0093172   -0.0183681   -0.0455536   -0.0540625  -0.00735344
   -0.240088     0.108474   -0.0151383    -0.101396    -0.136119    0.0599684    -0.142071    -0.135096     0.136695   -0.0170263    0.0996441    0.0423695    -0.109941     0.148472   -0.0824259
    0.154479    0.0659248   -0.0257974    0.0883124    -0.326302   -0.0544952    0.0229476    -0.147083   -0.0901304    0.0369804    -0.181394      0.01693    0.0662947    -0.010903    0.0658449
   0.0862055     0.142233   -0.0111568    0.0484814    -0.294522   -0.0740008   -0.0827382    -0.157991   -0.0104344    0.0736279    -0.118196   -0.0167334     0.079193   -0.0174271    0.0665124
   0.0692489  -0.00267943   -0.0119473   -0.0251329    -0.327663   -0.0988174   -0.0165762    -0.188311   0.00100076    -0.102918    -0.112355   -0.0303711     0.106819    0.0522957    0.0310918
     0.27395    -0.134596   -0.0537458     0.120163    -0.228685     0.110645     0.077951    0.0446151    -0.192863    -0.091616   -0.0367582    0.0427502    -0.174048    0.0471101    0.0686842
    0.214776    -0.171519   -0.0373213   0.00626722     -0.28704   -0.0217049    0.0517694      0.04229   -0.0970357    -0.203754    -0.134451    0.0647185    -0.047569    -0.011842   -0.0362096
   -0.146301     0.191961   0.00398363    -0.103927    -0.162371    0.0419843    -0.253123    -0.112907    0.0874245   0.00750923     0.119421    0.0784507   -0.0681444    0.0811973   -0.0171639
    0.261111    -0.237788   -0.0439399   0.00550275    -0.196222    0.0380662   0.00183518     0.153729   -0.0642511    -0.158172   -0.0974025    0.0482003    -0.101175  -0.00520407    -0.104136
    0.153616  -0.00753774   -0.0276833    0.0476495    -0.358822   -0.0696881    0.0368808    -0.160691   -0.0999931   -0.0782739    -0.221724    0.0281589    0.0852451   0.00887445    0.0800841
  -0.0131475     0.163561 -0.000133323   -0.0251512    -0.254899    -0.054299    -0.187502    -0.175457     0.060752    0.0331282 -0.000152962   -0.0176652    0.0345135    0.0336497    0.0526255
  -0.0981139      0.11201  -0.00118743   -0.0677381    -0.235023   -0.0321588    -0.164799    -0.210528     0.109298   -0.0190681    0.0557277   -0.0310828  -0.00270322     0.124937    -0.013306
   -0.208647    0.0346644   0.00049455   -0.0789484    -0.160182   -0.0147231   -0.0620784    -0.174904      0.13144    -0.041686    0.0842525   -0.0796247   -0.0522103     0.104907   -0.0731185
    0.103869    0.0604905   -0.0177087    0.0342862    -0.336738   -0.0803881   -0.0262066    -0.189222   -0.0412845   -0.0142212    -0.166525  -0.00860428    0.0998063    0.0171023    0.0732733
   0.0147085     0.059087  -0.00525279    -0.034076    -0.300132   -0.0855518   -0.0789512    -0.214319    0.0441725   -0.0503936   -0.0511119   -0.0512384     0.087484    0.0781917    0.0283264
    0.222205     0.209887   -0.0236366     0.223292    -0.174185   -0.0350995     0.126441    0.0137512   -0.0309672     0.267987   -0.0443378    0.0302378    0.0279167   -0.0501327    -0.165497
    0.265646    0.0946284   -0.0392624      0.23027    -0.141784    0.0696248     0.148858  -0.00934681    -0.101662     0.161245    0.0728233    0.0591535   -0.0560837    -0.016165      -0.0412
    0.309059   -0.0391037   -0.0547359     0.223061   -0.0919015     0.186739      0.13139   -0.0320483    -0.153534    0.0415217       0.1843    0.0539139     -0.11778   0.00868975     0.102396
    0.223987     0.241698   -0.0177585     0.228151    -0.122891   -0.0512588     0.124396    0.0591434      0.02096     0.254525   -0.0241441    0.0090464    0.0389464   -0.0231547    -0.195722
    0.233927     0.240197    -0.017682     0.235935   -0.0933099   -0.0456298     0.140286    0.0690847    0.0357421     0.231859   0.00118438    0.0147075    0.0372364  4.11202e-05    -0.208588
    0.285062    0.0755449   -0.0413609     0.241824   -0.0850118     0.102522     0.165618   -0.0216594    -0.087497     0.120916     0.149036    0.0802696   -0.0550273   -0.0130321   -0.0288603
     0.19906     0.285381  -0.00637843     0.200427   -0.0944521   -0.0884519    0.0661418     0.100666    0.0657946     0.219181   -0.0485282   -0.0401454    0.0462471   -0.0207805     -0.12845
    0.325344   -0.0890653   -0.0549382     0.201891  -0.00881077     0.225271    0.0665968   -0.0400688   -0.0935604  -0.00421192     0.199845     0.001136   -0.0543974  -0.00889329     0.112654
    0.338118    -0.229808   -0.0605527     0.123213    0.0178326     0.271076    -0.108697    0.0565919    -0.031908   -0.0262491     0.058238    -0.194444  -0.00666639    0.0858681    0.0432707
    0.179394     0.333785   0.00695607     0.173902   -0.0384829    -0.123578    0.0125812     0.173602     0.110231     0.157817   -0.0572882    -0.101671    0.0306593  -0.00332289   -0.0305639
    0.342489    -0.234397   -0.0587688      0.11822    0.0603398     0.279644    -0.135626    0.0338837   0.00224303   -0.0159687    0.0535557    -0.214102    0.0435403     0.063518     0.038603
   -0.280759     0.160785    0.0541135    -0.248008    0.0115808     0.255365    0.0664513    0.0999411   -0.0547084   0.00530592   -0.0460361     0.133981     0.168168     0.114539    0.0124317
    0.301563    0.0316953   -0.0442212     0.235353   -0.0353877     0.140646     0.154181   -0.0464245   -0.0791418    0.0589336     0.195412    0.0880918   -0.0477138   -0.0225925    0.0150248
    0.193237     0.336636   0.00879027     0.182782    0.0062374    -0.129293    0.0391171     0.190365     0.132725     0.107127   -0.0473279    -0.103043     0.024978    0.0471021   -0.0212889
    0.266029     0.216655  -0.00937676     0.227286     0.105374   -0.0271305     0.168351    0.0401679     0.138655   -0.0177204     0.116905    0.0749779    0.0666125    0.0995887    -0.169094
    0.234171     0.269976  -0.00698884     0.224839   0.00101803   -0.0713413     0.132469     0.102556     0.108572     0.122788     0.022973   0.00177734    0.0494077    0.0631755    -0.173163
     0.30763    0.0434855   -0.0332453     0.216749     0.095854     0.123474     0.127472    -0.082176    0.0324149   -0.0226466     0.206773     0.102629    0.0541591   -0.0569151   -0.0246763
    0.334038    -0.135911   -0.0503347     0.160454    0.0888495     0.238048   -0.0268931   -0.0672116  -0.00493894   -0.0177176     0.142539   -0.0579107    0.0563598   -0.0558797    0.0808736
     0.16009     0.342182    0.0138648     0.142344    -0.019728    -0.130313   -0.0300033     0.180679     0.101342     0.105497   -0.0599615    -0.116736    0.0118401   -0.0126255    0.0463471
    -0.30865     0.153644    0.0278719    -0.218788   -0.0148238     0.254417    0.0258158    0.0657149    0.0250845   0.00668158   -0.0322666     0.177462    0.0635278     0.153347   0.00406518
    0.225148     0.294736   0.00197134     0.206206    0.0487006   -0.0961747     0.107716     0.136689     0.136348     0.053121     0.010273   -0.0301892    0.0358619    0.0947599   -0.0956428
    0.301109    0.0733238   -0.0288482     0.218626     0.102835    0.0977136     0.137806   -0.0690683    0.0510514   -0.0281998     0.195302     0.106706    0.0581303   -0.0366161   -0.0480221
    0.176244     0.348324    0.0144605     0.158253    0.0130027     -0.13972 -8.48749e-05     0.202374     0.125394    0.0784094   -0.0610475     -0.12523   0.00880686     0.032845    0.0487606
    0.339527     -0.21861   -0.0508603     0.103509     0.121596     0.253028     -0.14307   -0.0228238    0.0486016   0.00626472    0.0331106    -0.168613     0.106221  -0.00915067    0.0275004
    0.333115    -0.192971   -0.0432965    0.0944842     0.159579     0.219006    -0.125078   -0.0708192    0.0682537    0.0115998    0.0242741    -0.103776     0.129378   -0.0671325     0.026873
    0.180025     0.340295    0.0202657     0.140971    0.0767109    -0.141933    0.0108102     0.194813     0.118403   -0.0253321   -0.0537864    -0.114224   -0.0183845    0.0778117    0.0984254
     0.19997     0.327792    0.0187879     0.155177     0.115629    -0.139275    0.0493123     0.179593     0.137624   -0.0754002   -0.0429236   -0.0903452   -0.0187154     0.129177      0.09077
    0.237122     0.243816    0.0119787     0.155874     0.196816   -0.0882982     0.105425    0.0396794     0.130926    -0.164574    0.0125244    0.0375093   0.00939396     0.112346    0.0030809
    0.310853  -0.00753391   -0.0276202     0.165672     0.177705     0.126779    0.0538632    -0.137842    0.0680752   -0.0610624     0.135385    0.0874364     0.107758    -0.123891   0.00489042
   0.0877298     0.281549    0.0461268   -0.0316945     0.130902   -0.0996264   -0.0832432     0.111937   -0.0812054    -0.118586   -0.0225249   -0.0860987   -0.0680078   -0.0530854    0.0792351
    0.325828   -0.0920357    -0.036804      0.14487     0.175144     0.185699   -0.0173701    -0.136915    0.0612476   -0.0400942     0.117888    0.0177135     0.129957    -0.143762    0.0434657
  -0.0714714     0.285918     0.038456    -0.126758   -0.0441437    0.0351472    -0.272834    0.0700728    -0.081143   -0.0173204     0.118869    0.0679248   -0.0217954    -0.137419    0.0153865
    0.255901     0.240057  -0.00565746     0.222381    0.0970941   -0.0489429     0.157997    0.0641524     0.143139  -0.00675616    0.0889282    0.0528056    0.0602381     0.107552    -0.160502
   0.0710066     0.302008     0.017529    0.0369192   -0.0971609   -0.0787588    -0.173118     0.063128     0.019437    0.0811444  -0.00911393   -0.0477949  -0.00105632    -0.113668    0.0901516
  -0.0975436     0.267334     0.049543    -0.169918   0.00387686    0.0673192    -0.212772    0.0964925    -0.142889    -0.043387     0.107191    0.0682682    0.0105434    -0.123721   -0.0421793
    0.024965     0.296611    0.0208597    -0.011069    -0.111527   -0.0524333    -0.240587    0.0349701   0.00610083    0.0610041    0.0356828   -0.0138202   -0.0126578    -0.134074     0.100063
    0.309614   -0.0614552   -0.0211493     0.106266     0.244212     0.117271   -0.0122796    -0.195545    0.0837717   -0.0598876    0.0476975    0.0880251     0.137285    -0.182493    0.0207469
  -0.0355135     0.278203    0.0546672    -0.140905    0.0503309   0.00576141     -0.18831     0.116344    -0.176239   -0.0693697    0.0773459  -0.00774358   -0.0123468     -0.17148   -0.0251848
   0.0858723     0.322682    0.0262658      0.03588   -0.0225621   -0.0946015    -0.149078     0.123499    0.0119535    0.0276903   -0.0137678   -0.0769399   -0.0216541    -0.103063     0.111523
     0.25044     0.214466   0.00681211     0.163569     0.202564   -0.0646275     0.117761   0.00138721     0.131745    -0.156397    0.0350244    0.0702137    0.0293655    0.0874049   -0.0301475
    0.288696    0.0769202   -0.0111216      0.15654     0.221564    0.0453008    0.0845515    -0.126862     0.100838    -0.128262    0.0914267     0.120186    0.0910286   -0.0780047   -0.0114993
    0.303916  -0.00329149   -0.0187523     0.136118     0.231939    0.0969174    0.0364682    -0.174203    0.0878391   -0.0954758    0.0857908     0.109093       0.1222     -0.15228   0.00996632
  0.00397983     0.309542    0.0342184   -0.0559348   -0.0408503   -0.0340625    -0.249949    0.0894774   -0.0485233 -0.000171676    0.0661751  -0.00599648   -0.0313159      -0.1663    0.0896745
    0.254602     0.166501   0.00857052     0.130223     0.247448   -0.0506155    0.0967707   -0.0725469     0.105507    -0.187475    0.0129949     0.101956    0.0270615    0.0269198  -0.00621451
   0.0545668     0.309172    0.0407825     -0.03195    0.0475712   -0.0744634    -0.159705     0.128474   -0.0637811   -0.0573738    0.0136071   -0.0649662   -0.0457545    -0.120317    0.0951737
  -0.0621894     0.240521    0.0624083    -0.180057    0.0756866    0.0283492      -0.1264    0.0999421    -0.215144   -0.0685069    0.0649776   -0.0165773    0.0158957    -0.131582   -0.0812434
   -0.194849     0.142731    0.0745727    -0.244029    0.0547954     0.143875    0.0651151    0.0764908    -0.159499  -0.00621226   0.00221595   -0.0118708      0.15502   0.00949454     -0.05996
   -0.253474     0.151214    0.0686547    -0.254699    0.0305619     0.223194    0.0900139    0.0998178    -0.106224   0.00425984   -0.0386538    0.0632868     0.202591    0.0656977  -0.00306047
    0.186581      0.33229     0.026203     0.125164     0.143591      -0.1505    0.0243427     0.183504     0.115034    -0.133215   -0.0613555    -0.107026   -0.0488842       0.1304     0.159246
    0.265774    0.0914946   0.00428104     0.101336     0.270063   -0.0123569    0.0604553    -0.140783    0.0813824    -0.163354   0.00105965     0.115818    0.0462026   -0.0526336   0.00435419
    0.189083     0.307913    0.0280748     0.107702     0.177718    -0.141514    0.0298441     0.139014    0.0946948    -0.177168   -0.0577952   -0.0749831   -0.0553929     0.120967     0.147903
    0.213153      0.26269    0.0226737     0.116218     0.213678    -0.116475    0.0674925    0.0614064     0.100079    -0.203176   -0.0336186  -0.00290611    -0.033019      0.11489    0.0785741
    0.242718     0.164188    0.0154141    0.0987553     0.268981   -0.0684286    0.0780914   -0.0838085    0.0802225    -0.208269   -0.0249992    0.0929826 -0.000300136    0.0255317    0.0158738
   -0.639964   -0.0991804     -0.58771     0.160504     0.100079    -0.107291   -0.0279148    0.0224162   -0.0542194 -0.000510834   0.00378157   0.00858091    0.0275389   0.00241067  0.000353687
   -0.662538    -0.288145      0.62905     0.459463    0.0600057    -0.128625    -0.123675    0.0516586    -0.114172  -0.00422407    0.0148078      0.10166     0.104556      0.10124    0.0149616
   -0.599588    -0.221005     0.463346      0.32405    0.0407372   -0.0713772   -0.0481748    0.0176234   -0.0350711  -0.00105778   0.00256811    0.0147886     0.012675  -0.00593586 -0.000331512
   -0.658511    -0.106854    -0.645128     0.177452     0.112203      -0.1273   -0.0369583    0.0319159   -0.0793541 -0.000691515   0.00656333    0.0155929     0.059558     0.014542   0.00845237
   -0.410491   -0.0132458   -0.0834742  -0.00939242   -0.0391645    0.0344778   0.00474208    -0.082625      0.12964   -0.0103899    0.0253824   -0.0480697    -0.154128   -0.0114866   -0.0666306
   -0.528829   -0.0529165    -0.258113    0.0607196    0.0295586   0.00644471    0.0211271   -0.0296824    0.0818067  0.000307093   -0.0102517     -0.02726    -0.136128    -0.054816    -0.038624
   -0.456562   -0.0762518    0.0725201    0.0493904   -0.0061383    0.0216597    0.0598496   -0.0537755     0.100393  -0.00161801   0.00242497    -0.105262    -0.128953    -0.105208   -0.0394421
   -0.502198   -0.0536197    -0.145947    0.0485704    0.0132619    0.0235461    0.0370299   -0.0422226     0.104947  0.000137255    -0.011476   -0.0521709    -0.158669   -0.0805082   -0.0426495
   -0.612338    -0.233676     0.496251     0.349586    0.0448959   -0.0808498   -0.0610521    0.0248625   -0.0498192  -0.00127958   0.00345802    0.0308577    0.0300613    0.0121231    0.0039096