     0.31623     0.288719   -0.0390548   0.00437525    0.0763722     0.157628     0.168655   -0.0910141    0.0884608    0.0522338    0.0556122    -0.139089    0.0422145   -0.0533566   -0.0800028
    0.325303     0.178211   -0.0389337    0.0793402     0.185109     0.184295     0.106774     0.104459    0.0742808   0.00925708   -0.0107461   -0.0406515     0.138973    0.0890868    0.0112882
   -0.385194    -0.017493    0.0897632       -0.126    0.0160935     0.174241    -0.201666   -0.0148391    0.0691116    0.0258887    0.0795005    -0.102745    0.0208433     0.109881     0.118114
    0.236333   -0.0999601   0.00989805    0.0408356     0.299033   -0.0662164    -0.037572     0.142021    0.0110516    -0.196518      0.10477    0.0768063   -0.0131647    0.0127524   0.00421559
    0.160438    -0.149639    0.0338802   -0.0390622     0.261961    -0.112584   -0.0194905    0.0519571   -0.0927248    -0.153653     0.066763   -0.0310257   -0.0772219   -0.0236022    -0.027099
    0.219974    0.0554816    0.0214119    -0.090451     0.296335   -0.0852955    0.0230087     0.199195   -0.0691685    0.0325027      0.15761     0.046293   -0.0708818   0.00339569   -0.0264931
     0.16527    -0.262714    0.0254392    0.0405426     0.214114    -0.123124  -0.00136868   -0.0690384  0.000573974    -0.200632    0.0476695   -0.0656257   -0.0655496   -0.0469359    0.0780879
  0.00836142    -0.229261    0.0580877    -0.140702     0.140795   -0.0360807    0.0787418   -0.0951468    -0.209112   -0.0807545    -0.037887   -0.0756645   -0.0245795     0.105163   -0.0908613
   0.0813901    -0.109159      0.05581    -0.152711     0.223353     -0.10591  -0.00168936    0.0365543    -0.219901   -0.0435535    0.0106576   -0.0887494   -0.0860908   0.00717404    -0.116855
   0.0708993     0.181588    0.0507984    -0.249852   0.00879443    -0.216919    -0.108359   0.00209724    0.0130809     0.103469    -0.194383   0.00685594    0.0227806   -0.0524707     0.120543
   0.0480227    -0.123328    0.0612876    -0.172158     0.198509   -0.0888036   0.00856429   0.00879727     -0.24085   -0.0339104   -0.0150156    -0.101998   -0.0677279    0.0320837    -0.129788
   0.0701289   -0.0513122    0.0598375    -0.192106     0.208216    -0.116343   -0.0157885    0.0534075    -0.224019    0.0233837  -0.00851368   -0.0872382   -0.0849433   -0.0160672    -0.108004
  -0.0100217    -0.116025    0.0704341    -0.205971     0.162272   -0.0543164   -0.0112566   -0.0086673    -0.256233    -0.011799   -0.0542739    -0.114908   -0.0187346    0.0432015    -0.150333
  -0.0880396    0.0843197    0.0673695    -0.195972   -0.0424832    -0.115703    -0.123897     0.069067   0.00419503     0.003855    -0.202235    -0.132104     0.068416   -0.0179795   0.00218866
   0.0564949     0.125216    0.0608807    -0.251913    0.0994449    -0.183709    -0.102184    0.0515585   -0.0830906      0.14258     -0.14162   -0.0544323   -0.0251386     -0.09104    0.0679957
   -0.291773    -0.127686    0.0749084    -0.253152    0.0306804     0.254026    -0.165368    -0.103184   -0.0647299    0.0312604      0.10592     0.032531     0.220239   -0.0707704      0.07082
  -0.0297383   -0.0202755    0.0735969    -0.232049      0.11564   -0.0818012   -0.0788126    0.0182513    -0.183661    0.0473641    -0.111206     -0.12068    0.0120589   -0.0116235   -0.0685348
    -0.19035    -0.139831    0.0789799    -0.239959    0.0614906     0.136079   -0.0709177   -0.0861934    -0.162365   0.00733853  -0.00640082   -0.0213169     0.154648   0.00883074    -0.058721
  -0.0668699    0.0327493    0.0770148    -0.229331    0.0651625   -0.0907288    -0.122526     0.042024    -0.114066    0.0590083    -0.155672    -0.143425    0.0368596   -0.0232731   -0.0201164
    0.259473     0.302442  -0.00946412     -0.12428     0.034515   -0.0460801    0.0870615    -0.147057     0.120436    0.0959624    0.0901257    0.0630114   -0.0279625    0.0136625    -0.031571
  -0.0336135    -0.232244    0.0107304   -0.0442522    -0.203064   -0.0198913     0.275836     0.114173     0.055826    0.0465867   -0.0487663    0.0481731   -0.0106286     0.021133     0.104013
    0.289334    0.0245386   -0.0161917    0.0806327     0.267114    0.0597555  -0.00136024     0.197597    0.0489037    -0.102224    0.0334556     0.109293     0.095192     0.135626    0.0275869
    0.157557     0.157944     0.040043    -0.216223     0.178167    -0.171788   -0.0130382    0.0747095   -0.0572262     0.192057     0.023251    0.0245162    -0.094162   -0.0966363    0.0651177
    0.268579    0.0166981  -0.00363869    0.0333446     0.288723   0.00532366   0.00620748     0.199098    0.0237021   -0.0903839    0.0943961    0.0940073     0.043344    0.0923448    0.0130003
    0.289665     0.158223   -0.0133313   -0.0110262     0.251828    0.0571498     0.100136      0.16263    0.0588549    0.0579113     0.128127    0.0236846    0.0709158    0.0780708   0.00568118
     0.33259     0.245849    -0.045166    0.0603846     0.139936     0.219393     0.168791    0.0146424    0.0830595    0.0378281    0.0015873    -0.155082     0.123357  9.48578e-05    -0.033738
   -0.369455   -0.0511356    0.0773501    -0.172353    0.0179113     0.221132     -0.22007   -0.0405097    0.0572295    0.0325638     0.116314   -0.0700875    0.0716778    0.0690433     0.148835
    0.321882     0.234849   -0.0368867    0.0343522     0.163969     0.172833     0.157433    0.0428811    0.0886814    0.0533236    0.0449619    -0.103278     0.113456    0.0272206   -0.0281272
    0.247793    0.0623389   0.00881301   -0.0434044     0.295766   -0.0406462      0.03251     0.205655   -0.0192813   0.00124776     0.152292    0.0659967   -0.0183393    0.0448677  -0.00832039
    0.232964     0.232817    0.0122803    -0.159615      0.17201   -0.0975402    0.0706414    0.0324072    0.0497003     0.203203     0.125983    0.0612697   -0.0617982    -0.055003    0.0507417
   -0.374513    0.0545331     0.122022   -0.0319239  -0.00606295    0.0343972    -0.115192    0.0513526    0.0635692  -0.00241971   -0.0505891    -0.142303   -0.0393443     0.110953  -0.00296895
    0.312555     0.219962   -0.0291818    0.0136377     0.194944     0.134763     0.147702    0.0825275    0.0889575     0.069957    0.0799831   -0.0615719     0.108439    0.0507016   -0.0146951
   -0.493551     0.114159     0.226847     0.120057    0.0159306    0.0119483   -0.0608753    0.0298889    0.0602271  -0.00231387   -0.0117045   -0.0942124   -0.0746991     0.120655  -0.00528534
    0.253178       0.1767   0.00600163    -0.100276     0.241814   -0.0439643    0.0827883     0.132057    0.0266769     0.142565     0.165518    0.0477145   -0.0269579  -0.00323652    0.0197696
   -0.230992   -0.0960975    0.0848033    -0.235165    0.0460509        0.147    -0.135591   -0.0668838    -0.110743    0.0247086   0.00557916   -0.0508087     0.170204  9.70154e-05   0.00174663
    0.209661     0.148253    0.0244553    -0.155208     0.237731    -0.113941    0.0384578     0.129053   -0.0375972     0.162547     0.128212    0.0404706   -0.0858106    -0.055889    0.0258638
   -0.660262      0.27433       0.6176     0.468731    0.0709594    -0.124651     0.122743   -0.0615845      -0.1057   0.00627865    0.0136466    0.0987775     0.088298   -0.0935201    0.0109671
    0.195376     0.188849     0.028401    -0.192703     0.191727    -0.145974    0.0253028    0.0760648   -0.0145157     0.210156    0.0853414    0.0504692   -0.0916777    -0.087188    0.0690982
    0.263312     0.254027  -0.00237977      -0.1167     0.164191   -0.0320255     0.112092    0.0101219    0.0827947     0.179122     0.148271    0.0317607   -0.0278732   -0.0343247    0.0130733
    0.304965    0.0456292   -0.0582003     0.216746    -0.113689     0.177688    -0.135728    0.0222214    -0.174156    0.0447459    -0.154022    0.0979304    -0.146404   -0.0158578     0.121469
   -0.647695     0.262075     0.588321     0.442393    0.0668264    -0.114085      0.10917   -0.0550789   -0.0935999   0.00571852    0.0122349    0.0853959    0.0771425   -0.0794931    0.0103428
    0.306695     0.106302   -0.0586448      0.18109    -0.124905     0.188819   -0.0830778   -0.0197894    -0.169886  -0.00388684    -0.109457    0.0315252    -0.153393   -0.0489299     0.119552
    0.340323      0.25574   -0.0520726    0.0812252     0.112422      0.25694      0.17489   -0.0161493    0.0702934    0.0237823   -0.0377469    -0.200896     0.118382   -0.0346002   -0.0350924
    0.340505     0.273111   -0.0555429    0.0817244    0.0674603     0.265871     0.175321    -0.073279    0.0510766    0.0108723   -0.0459962    -0.232014    0.0739471   -0.0884113   -0.0500931
    0.302434     0.207381   -0.0535534    0.0984386    -0.131712     0.167042   0.00351214     -0.11512    -0.111852   -0.0771998   -0.0166695   -0.0482091    -0.137617   -0.0745667    0.0313895
   -0.652645     0.115046    -0.612461      0.15205    0.0934358    -0.111619    0.0330787    -0.031517   -0.0593883   0.00470743 -0.000366996    0.0131278    0.0371743  -0.00530008   0.00560703
    0.249356     0.307833   -0.0141028    -0.116375    -0.075523   -0.0618579    0.0453916    -0.223382     0.102733   -0.0264324    0.0771548    0.0928207   -0.0398327    0.0737091   -0.0977091
   -0.311588   -0.0172874    0.0977898    -0.155096    0.0202095      0.11616    -0.178887   -0.0059255   0.00529513    0.0237719  0.000401423    -0.127746    0.0658206    0.0857006    0.0609113
    -0.42322     0.074516     0.122927    0.0296855   -0.0106891    0.0190308   -0.0784206    0.0631795    0.0847233   -0.0117166   -0.0451435    -0.124039   -0.0853629     0.111635   -0.0272928
    0.288053     0.280471   -0.0198205   -0.0660334     0.110075    0.0481925     0.138363   -0.0589637     0.103432      0.11448     0.106751   -0.0307806    0.0118684   -0.0226155   -0.0376038
    0.275836     0.284098   -0.0345352   -0.0255743    -0.125503    0.0470364    0.0504602    -0.214384    0.0140472    -0.103054    0.0867638 -0.000881861   -0.0829688     0.010124    -0.118111
    0.308956     0.295002   -0.0381505  -0.00567566    0.0357933     0.135809      0.14889    -0.129893    0.0788975    0.0318174    0.0552279    -0.115503    0.0109446   -0.0527143   -0.0868072
   -0.709743      0.14559    -0.793695     0.207065     0.126895    -0.184465    0.0745629   -0.0676249    -0.147512    0.0101622   -0.0121206     0.044113       0.1585   -0.0631163    0.0399378
   -0.283902    -0.156783   0.00284382     -0.16809   -0.0568849     0.181998    0.0911735    0.0126131    0.0741285  -0.00750815  -0.00757824     0.169559   -0.0797066    -0.149468   -0.0723855
   -0.205691    0.0186743    0.0852109    -0.171622   0.00200951 -0.000753746    -0.136697    0.0418926   -0.0198101    0.0146701    -0.114395    -0.147386    0.0574304    0.0292967  -0.00467492
   -0.180823   -0.0544276    0.0836726    -0.224655    0.0484684    0.0619099    -0.122783   -0.0260801     -0.11098      0.02882    -0.060188   -0.0916378     0.116667   0.00782323   -0.0192828
    0.314461     0.283442    -0.045979     0.030304  -0.00827574     0.169907     0.127464     -0.14364     0.034816   -0.0126654    0.0222793      -0.1331   -0.0176956   -0.0709053   -0.0767952
   -0.618831     0.233671     0.512385     0.378884     0.056057      -0.0899    0.0729785   -0.0338096    -0.056648   0.00304849   0.00425871    0.0399711    0.0340228   -0.0221578   0.00190456
   -0.243811    -0.172537    0.0064302    -0.155962   -0.0859629     0.146066     0.156806    0.0430113    0.0766272   -0.0124169   -0.0503376     0.171063   -0.0909623    -0.147517   -0.0770382
   -0.506144    0.0373111    -0.148511    0.0141576    0.0148633    0.0690315    -0.067193    0.0394921     0.126696  -0.00380187    0.0329196   -0.0464193    -0.189452    0.0980243    -0.041495
   -0.590127    0.0854743    -0.396848     0.097479    0.0591701   -0.0356854   -0.0118301   0.00113857     0.022751  0.000580568    0.0118758   -0.0189622   -0.0647281     0.048344   -0.0160646
   -0.410725   -0.0322501    0.0450355    -0.128504    0.0107808     0.207524    -0.196069   -0.0149992     0.110064    0.0241403     0.118205   -0.0619202   -0.0336706      0.08993     0.117127
    0.332089     0.285489   -0.0503055    0.0517212    0.0616501     0.228254     0.178396   -0.0948684    0.0657246    0.0222311   -0.0018677    -0.209234    0.0574945   -0.0854515   -0.0751866
    0.158669    0.0724157    0.0425363    -0.182808     0.247154    -0.147336   -0.0025537     0.136497    -0.141181     0.119216    0.0780416   -0.0128205    -0.124477   -0.0733527   -0.0327526
   -0.581701     0.188602     0.394701     0.286342    0.0430851   -0.0477957    0.0240213   -0.0114167  -0.00746921   0.00143587   0.00586979  -0.00555827    -0.019304    0.0361972  -0.00213851
   -0.481412    0.0309866   -0.0421727  -0.00437451   0.00722121    0.0972728   -0.0953914    0.0401549      0.13919  -0.00120127    0.0417908   -0.0652307    -0.185859      0.12002    -0.022261
   -0.471469    0.0619569    0.0929714    0.0279484   0.00985411    0.0716061    -0.108314    0.0366462     0.107553  0.000841376    0.0180028    -0.108954    -0.124653     0.154631   0.00458506
    0.179612     0.266967    0.0245244    -0.225781    0.0272005    -0.198354   -0.0243022   -0.0985666    0.0922283     0.148282   -0.0539108     0.127268    -0.025713   -0.0099528     0.123766
   -0.236108    0.0475698    0.0812552    -0.117081   -0.0381936   -0.0287452    -0.106539    0.0825566    0.0385619    -0.011583    -0.132306     -0.15054    0.0135644    0.0301704   -0.0264728
   -0.473368    0.0859314     0.162221    0.0644198    0.0120923    0.0422163   -0.0916928    0.0347098    0.0824233 -0.000257239  -0.00177512    -0.111582   -0.0942775     0.144762   0.00189032
    0.333341     0.280522   -0.0483233    0.0487999    0.0945193     0.226869     0.188853   -0.0626897    0.0838387    0.0373361   0.00725703    -0.204916    0.0904482   -0.0616214    -0.072944
   0.0571211     0.186253    0.0383468    -0.213542    -0.109466    -0.205352    -0.103288   -0.0160552    0.0712192   -0.0285113    -0.190216    0.0201132    0.0876157    0.0172987    0.0513792
   -0.165347    -0.241317    0.0423635    -0.190042   -0.0232175     0.136876     0.187079    -0.075455    -0.075312   -0.0140216   -0.0627821     0.159437    0.0100183    0.0120589   -0.0621449
    0.140441     0.214154    0.0395458    -0.242969     0.072272    -0.211652   -0.0547074   -0.0161779    0.0222939     0.171361   -0.0889849    0.0694018   -0.0372793   -0.0635538     0.136949
    0.229956     0.295218    0.0048864    -0.173816    0.0331639    -0.121254    0.0447611    -0.138094     0.120589     0.127908    0.0507906     0.115115   -0.0363799    0.0142437    0.0325435
    0.188847     0.285739   0.00874609    -0.187914    -0.111387    -0.182107   -0.0382876    -0.187426     0.115656   -0.0373137   -0.0377838     0.156517    0.0231197     0.117384  -0.00675662
    0.128556     0.236428     0.035829     -0.24289   -0.0189785    -0.229417     -0.08044   -0.0677148     0.071257    0.0959617    -0.150577    0.0942036    0.0197264   -0.0071088     0.136688
    0.228252    -0.167585    0.0109351    0.0719393     0.282697   -0.0894709   -0.0672987    0.0865487    0.0350827    -0.237194    0.0820387    0.0679928   -0.0216805    -0.037003   0.00630794
   0.0951303    0.0476939    0.0566264    -0.218747     0.191914    -0.158062   -0.0412613    0.0822287    -0.169541     0.107284   -0.0274806    -0.059276    -0.092945   -0.0725642   -0.0321237
    0.171902    -0.323399    0.0187798    0.0958547     0.162495    -0.144364  -0.00605603    -0.163778    0.0865738    -0.157644    0.0317888    -0.122096   -0.0527797    -0.105885      0.15994
    0.132996     -0.32996   0.00706506     0.108905   -0.0410048       -0.112    0.0724143    -0.132513    0.0841268     0.100996     0.018746     -0.10124    0.0101097    0.0544755    0.0877019
    0.178307    -0.203496    0.0263904    0.0158664     0.254639    -0.118011   -0.0193581   0.00925008   -0.0310143    -0.204621    0.0714971   -0.0314143   -0.0704795   -0.0401407    0.0312709
   0.0655149    -0.204514    0.0513137    -0.105437     0.180415   -0.0850688    0.0392089   -0.0555756    -0.172635   -0.0937925  -0.00876501   -0.0942151   -0.0593955    0.0449119   -0.0580314
  -0.0752211    -0.203587    0.0699068     -0.20429     0.111635      0.03985    0.0526974   -0.0973617    -0.248801     -0.04304   -0.0463858   -0.0466279    0.0462959     0.109678    -0.148373
   -0.304066    -0.149612    0.0534865    -0.242065   0.00925333     0.272576   -0.0996066    -0.094101   -0.0194984    0.0211033     0.110425     0.120432     0.145081     -0.13304    0.0348294
   -0.330498    -0.104697   -0.0336601    -0.122419   -0.0648294     0.148184    0.0635511    0.0601528     0.127656   -0.0136546   -0.0109319      0.11673    -0.144172    -0.136523   -0.0831153
   -0.220108    -0.191933    0.0582771    -0.235667    0.0163975     0.198026    0.0217851    -0.100603    -0.103701  -5.3514e-05    0.0129892     0.118126     0.121422   -0.0581386   -0.0585114
    0.137405    0.0170611    0.0486394    -0.179334     0.254665    -0.145837  -0.00936843     0.127131    -0.189411    0.0703524    0.0652011   -0.0449878    -0.134371   -0.0619012   -0.0798728
   -0.702963     0.142871    -0.767388     0.201643     0.122512    -0.175988    0.0691114   -0.0621102    -0.135292   0.00921597   -0.0114422    0.0382477     0.140428   -0.0526516    0.0341685
      -0.331    -0.117612    0.0615958    -0.232204    0.0166661     0.275052    -0.171242   -0.0868291   0.00370763    0.0310043     0.138373    0.0524929     0.153726   -0.0764924     0.102167
   -0.347835     -0.09694    0.0673924    -0.217408    0.0175058     0.268637    -0.200484   -0.0757081    0.0255288    0.0341529     0.145341    0.0123557      0.13719   -0.0315102     0.135917
    0.203537    -0.140169    0.0205624     0.014707     0.284215   -0.0945727    -0.034162     0.091681   -0.0275021    -0.197324    0.0905211    0.0268477   -0.0470037   -0.0145888  -0.00235491
    0.131731     -0.02732    0.0495047    -0.162282     0.263558    -0.137078  -0.00683076     0.117606    -0.207483     0.022296    0.0690147   -0.0586533    -0.135035   -0.0448484    -0.106831
   -0.379189   -0.0910436   -0.0109309    -0.153244   -0.0181643     0.224266   -0.0720409  -0.00531497     0.121037   0.00828296    0.0932802    0.0927276   -0.0907765   -0.0907966   0.00303185
    0.173134    -0.341205     0.013889     0.120487     0.116563    -0.146671  -0.00423498    -0.189126     0.117548   -0.0869754    0.0243781    -0.135869   -0.0345896   -0.0981358     0.153599
    0.131922    -0.301547    0.0284672    0.0316563      0.15256    -0.120945    0.0464963     -0.13295   0.00121652    -0.141916    0.0189727    -0.105338   -0.0599125   -0.0114963     0.115195
    0.143737    -0.340699    0.0171721    0.0907961    0.0743505    -0.131731    0.0491673    -0.180037    0.0818684   -0.0408826    0.0129086    -0.130133   -0.0308144   -0.0184597     0.148865
     0.11025    -0.328177    0.0246412    0.0409019    0.0709279    -0.111504    0.0973416    -0.158318    0.0266109   -0.0543378  -0.00114339    -0.108826   -0.0404567    0.0387204     0.141237
    -0.67526     0.127573    -0.682076     0.174758     0.107118    -0.141194    0.0502127   -0.0472289    -0.097283   0.00720863  -0.00521062    0.0266026    0.0915514   -0.0313607    0.0220876
   -0.645837     0.260659     0.583165     0.438744    0.0660108    -0.113362      0.10709    -0.053108   -0.0909815   0.00532143    0.0107449    0.0815021    0.0733614   -0.0745101   0.00869492
  -0.0770505    0.0638604    0.0345607    -0.131306    -0.188109    -0.116631   -0.0494208     0.160242    0.0750323    -0.106352    -0.151639      -0.1232    0.0953541   -0.0788544   -0.0558056
    -0.35129    -0.105394   -0.0232639    -0.141248   -0.0423448     0.189147    0.0105504    0.0257972     0.123374  -0.00385906    0.0355407     0.121741    -0.126281    -0.126228   -0.0539556
    0.150503    -0.151446   -0.0204615     0.118706    -0.280532   -0.0581686   0.00436765     0.106298    -0.059369     0.143065     0.139262   -0.0327767     0.057964    0.0581362    0.0142584
   -0.458288  -0.00843939   -0.0937961   -0.0461799  -0.00362135     0.125714   -0.0680396    0.0361786     0.143746  -0.00225489     0.051233  -0.00156163    -0.185147    0.0351578   -0.0365743
   -0.413533    -0.058469  -0.00477184    -0.134317   -0.0033485     0.224867    -0.137329  -0.00734167     0.139805    0.0153394     0.124474    0.0298991    -0.102057   -0.0096182    0.0542343
   -0.498102    0.0924415     0.116151    0.0908622    0.0122098    0.0276511   -0.0624613    0.0399715    0.0889717  -0.00515855  -0.00172508   -0.0880799    -0.122789     0.125371   -0.0224364
   -0.706983     0.143667    -0.786397     0.203915     0.125865    -0.180735    0.0727436   -0.0677138    -0.145946    0.0104114   -0.0106396     0.044745     0.158737   -0.0643663    0.0416914
   -0.100067     -0.26919    0.0473884    -0.166015   0.00332879    0.0759692     0.217715    -0.102216    -0.124359      -0.0278   -0.0832139    0.0968882  -0.00145371     0.117696   -0.0513941
   -0.154506    -0.248221    0.0328375    -0.166095    -0.057797     0.116143     0.240336   -0.0408363    -0.032291  -0.00844282    -0.083562     0.173907   -0.0314277    0.0078168   -0.0380407
   -0.700947     0.140259    -0.766914      0.19784     0.122238    -0.172514    0.0680878   -0.0636502    -0.135773   0.00980293  -0.00913907    0.0413332     0.144186    -0.057483    0.0374026
   -0.247134    -0.186728    0.0212458    -0.186876   -0.0481408      0.18197     0.116552   -0.0183937    0.0244311  -0.00693341   -0.0195075     0.181991   -0.0334744    -0.125254   -0.0696772
   -0.364899    -0.100887    0.0323541    -0.197183   0.00319351     0.266217    -0.150578   -0.0537221     0.071384    0.0243716     0.140783    0.0650602    0.0397517   -0.0736227    0.0843955
   -0.670346      0.12445    -0.668131     0.169388     0.104036    -0.134402    0.0467172   -0.0435775   -0.0884144   0.00659337  -0.00404371    0.0241635    0.0783242   -0.0260809    0.0175862
  -0.0939444    -0.249757    0.0198977   -0.0996473     -0.14066    0.0355312     0.307816    0.0541271    0.0379691    0.0163593     -0.10085     0.119662   -0.0553595    0.0224573    0.0578092
   -0.522877    0.0455153    -0.225235    0.0321966    0.0215586    0.0395615   -0.0431978    0.0360501     0.104057  -0.00529762     0.020945   -0.0336951    -0.165859    0.0734392   -0.0467848
    0.126137     0.113796  -0.00734418   -0.0541435    -0.318283    -0.115498   -0.0407902    0.0607021   -0.0342638    -0.189208    0.0999469   -0.0133585    0.0895909 -0.000519092   -0.0263535
   0.0978021     0.156218    0.0067399    -0.115352     -0.25688    -0.148322   -0.0541617    0.0154141    0.0371183    -0.172736   -0.0141952   0.00868655    0.0969122    0.0214173   -0.0455182
   -0.502025     0.061122   -0.0574239    0.0441117    0.0125323    0.0459866    -0.066955    0.0450998      0.11309  -0.00594152    0.0119236     -0.07523    -0.164424     0.120139    -0.036278
   -0.668217     0.285135     0.647881     0.491543    0.0742366    -0.135567     0.137001   -0.0689578    -0.121457   0.00696947    0.0140092     0.115542      0.10849    -0.118917     0.013751
    0.218746     0.282178   -0.0112633    -0.117607     -0.17179    -0.102995   -0.0126822    -0.213757    0.0702627    -0.134255    0.0523715     0.113655   -0.0127595     0.117403    -0.108854
    0.168904     0.118851   -0.0199988  -0.00907865    -0.319887   -0.0675633   -0.0440637    0.0261247   -0.0883869      -0.1792     0.143867   -0.0065932    0.0242113  -0.00464641  -0.00823157
    0.329881     0.245852   -0.0575215     0.100795   -0.0169368     0.242279    0.0984129    -0.101227   -0.0273644   -0.0268171   -0.0645538    -0.159772   -0.0326849   -0.0998462  -0.00307126
   -0.262232    -0.125204    0.0796231    -0.253876    0.0386154      0.21781    -0.147644    -0.097914   -0.0985148    0.0279161    0.0660044   0.00892679     0.219693   -0.0511548    0.0340807
  0.00715315    0.0991786    0.0208894    -0.125528    -0.236194    -0.140987   -0.0452829      0.11618    0.0646028    -0.145263   -0.0955649   -0.0685133     0.115938   -0.0496534   -0.0501269
    0.322088     0.243288   -0.0556392    0.0921411   -0.0470624     0.216971    0.0782669    -0.116948   -0.0435207   -0.0384392   -0.0436644    -0.130343   -0.0657286   -0.0967118  -0.00420126
    0.124642     0.233842    0.0235263    -0.204841    -0.146747    -0.217327   -0.0917963   -0.0928533    0.0886539   -0.0709768    -0.134673    0.0962115    0.0887889    0.0797988    0.0348154
    0.211201     0.161063   -0.0294587    0.0100223    -0.295624    -0.023733   -0.0517789   -0.0483718    -0.115478    -0.189901     0.140251    0.0135851   -0.0515366  -0.00315029  -0.00842432
    0.122111    0.0271459   -0.0141922   0.00450489    -0.350236   -0.0892854   -0.0136982     0.142936   -0.0777945    -0.117039     0.169506   -0.0448711    0.0935744   -0.0236041    0.0179165
    0.178499     0.217733   -0.0083704   -0.0965449    -0.245464    -0.119826   -0.0488553    -0.106652    0.0152329    -0.183095    0.0533483    0.0733168    0.0293623    0.0792033   -0.0640632
    0.204049     -0.23858   -0.0241567     0.207533    -0.163409   -0.0611983   -0.0927186   -0.0131439    0.0152514      0.26382    0.0558766  -0.00321772    0.0466586    0.0594694    -0.158439
    0.154061      0.23451   0.00715182    -0.157085    -0.206244    -0.180166   -0.0696453     -0.11201    0.0681145    -0.144846    -0.038339     0.101296    0.0743202     0.102307   -0.0296291
   -0.165136    0.0295068    0.0316751   -0.0994482    -0.158167   -0.0637236   -0.0216415     0.164612    0.0942023    -0.080878    -0.129543    -0.114618    0.0273915   -0.0657785   -0.0667859
   -0.262631    0.0421747    0.0614807   -0.0787188   -0.0783308   -0.0266827   -0.0660173     0.119664    0.0818052    -0.040021    -0.122582    -0.139703   -0.0170787    0.0105588   -0.0543883
    0.293228    0.0261794   -0.0557768     0.213077    -0.144876     0.151193    -0.137943    0.0172144    -0.179132    0.0614034    -0.113127    0.0865253    -0.147312   -0.0185349     0.103588
    0.223612    -0.114915   -0.0366624     0.190816    -0.230012    0.0058735    -0.103309    0.0467934     -0.10866     0.179745    0.0697196    0.0214452   -0.0183412    0.0440581   -0.0349644
    0.192113    -0.164641   -0.0275976     0.170726    -0.232713   -0.0342426   -0.0579504    0.0513047   -0.0616482     0.198337    0.0934217  -0.00622889    0.0239553    0.0620982   -0.0427839
    0.323189     0.174763   -0.0597436     0.150523   -0.0597547     0.229864   0.00162778   -0.0543309    -0.101974   -0.0253867    -0.116747   -0.0561831    -0.094235   -0.0701844    0.0764334
    0.238366   -0.0358007   -0.0425139     0.174213    -0.239257    0.0472926    -0.102957    0.0527748     -0.15758    0.0929225    0.0537137    0.0293018    -0.062014    0.0118227    0.0419515
    0.285975    0.0331513   -0.0546442     0.200532    -0.170467     0.139493    -0.126782    0.0112869    -0.187972    0.0537483   -0.0767004    0.0683735    -0.151151   -0.0234326     0.104287
  -0.0437167    0.0171275    0.0180717   -0.0935176    -0.254541    -0.106566    0.0146455     0.204263    0.0725778    -0.116023   -0.0809171    -0.103057     0.106623    -0.105458   -0.0461003
    0.164103    -0.220839   -0.0178787     0.152197    -0.210921   -0.0661515  -0.00476638    0.0300606  -0.00867355     0.212016    0.0912847   -0.0329981    0.0483343    0.0828322   -0.0297368
    0.152368    -0.261479   -0.0111975      0.14435    -0.170755   -0.0816695    0.0229649   -0.0110176    0.0303363     0.209038    0.0686078   -0.0480416    0.0480577    0.0876307   -0.0165119
    0.134921    -0.301716 -0.000946227     0.121104    -0.108661   -0.0972715    0.0637616   -0.0726281    0.0662094     0.158891    0.0374224   -0.0739427    0.0304247    0.0755904    0.0428145
     0.33349     0.274012   -0.0550713    0.0760203    0.0232015     0.244781      0.14997    -0.108677    0.0250461  -0.00559078   -0.0365823    -0.205602     0.018518    -0.103426    -0.050201
   -0.458564    0.0134051    -0.142472  -0.00889004   -0.0132297    0.0603981   -0.0219118    0.0625706     0.125202   -0.0139785  -0.00188677   -0.0182648    -0.172392     0.024273   -0.0687022
     0.28978     0.133073   -0.0552235     0.144113     -0.19352     0.148643   -0.0777804   -0.0541134    -0.197991    -0.059761   -0.0196279     0.017128    -0.190634   -0.0681163     0.112385
    0.143047    -0.199516   -0.0160885     0.123866    -0.246501   -0.0675156    0.0278007    0.0736677   -0.0224334     0.180426     0.112653   -0.0377305    0.0585663    0.0797274   0.00884985
   -0.040311    -0.285476    0.0499888    -0.135987    0.0429529    0.0185357     0.203748    -0.129821    -0.153269    -0.047173   -0.0785222    0.0212965   -0.0120403     0.176792   -0.0327831
    0.194355   -0.0325536    -0.032807     0.118271    -0.322275   -0.0217212   -0.0652632     0.104128    -0.157808    0.0367961      0.18657   -0.0129792   0.00686146    0.0174497    0.0422072
   -0.604225     0.216532     0.468957      0.34419    0.0505382   -0.0743596     0.055723   -0.0249149   -0.0381774   0.00213464   0.00433686    0.0238571    0.0146608  -0.00271712 -0.000103162
  -0.0703896    -0.274347    0.0248171   -0.0951856    -0.114644    0.0269572      0.31221   0.00776699   0.00969965    0.0195662   -0.0997725     0.109342   -0.0475413    0.0783828    0.0729555
     -0.3254   -0.0215683   -0.0301313   -0.0508598   -0.0901764    0.0316637    0.0378039     0.128624     0.130868   -0.0357016   -0.0724962   -0.0287892    -0.120055   -0.0501515   -0.0822559
   0.0633326    -0.235335  0.000541245    0.0429767     -0.21802   -0.0675443     0.166612       0.0812    0.0287341     0.113649    0.0422124   -0.0289183    0.0414655    0.0743238    0.0964733
   -0.565962     0.170439     0.340385     0.249167    0.0368086   -0.0338102   0.00737599 -0.000311922    0.0125167 -0.000212066   0.00339743   -0.0232602   -0.0420702    0.0563042  -0.00760362
   -0.237619     -0.10946  -0.00353606    -0.102945    -0.135574    0.0642766     0.140122     0.142345     0.131131   -0.0311624   -0.0873262    0.0630708    -0.111646    -0.143956   -0.0798654
    0.152949   -0.0672258   -0.0233104    0.0873958    -0.333688   -0.0569373   -0.0156008     0.142743    -0.110956    0.0368379     0.193427   -0.0380691    0.0612195    0.0196781    0.0434959
   0.0862004    -0.143894  -0.00926517    0.0497648     -0.29474   -0.0722313     0.085859     0.156554   -0.0195763    0.0687096     0.112224    -0.044462    0.0775324    0.0223797    0.0567709
   0.0686992 -0.000323035  -0.00471791   -0.0232795    -0.329172   -0.0966706    0.0228204     0.177987   -0.0222592    -0.105354    0.0993222   -0.0600975     0.107067   -0.0514494   0.00816009
     0.24812     0.128719   -0.0432061    0.0866275     -0.26802    0.0558636   -0.0678014   -0.0404761    -0.178612    -0.113423     0.102195    0.0117668    -0.129865   -0.0349778    0.0595813
   -0.144727    -0.193302   0.00985047      -0.1039    -0.160675     0.048305     0.253177      0.11631    0.0873693  -0.00262078   -0.0938167     0.108758   -0.0744892   -0.0829178   0.00326796
    0.260591     0.238735   -0.0368108    0.0040846    -0.200823    0.0375583 -0.000762157    -0.169256   -0.0610409     -0.15317     0.101385    0.0113392    -0.107076   0.00138786   -0.0704469
    0.147723    0.0137141   -0.0206701    0.0376373    -0.358039   -0.0740672   -0.0275952     0.138679    -0.114063   -0.0864218     0.207931   -0.0405809    0.0776312   -0.0103579    0.0332285
  -0.0122928    -0.165587   0.00343513   -0.0244467     -0.25468    -0.049321     0.192063     0.176828     0.053968    0.0221238  -0.00275429   -0.0101523      0.03406   -0.0332365    0.0650782
   -0.646401     0.260951     0.585165     0.440039    0.0663298    -0.113427      0.10843   -0.0543868   -0.0926357   0.00555936    0.0119105    0.0847557    0.0762576   -0.0794604   0.00984487
  -0.0968429     -0.11171   0.00472308   -0.0687277    -0.236763   -0.0278171      0.16741     0.215209    0.0991276   -0.0372369   -0.0607326   -0.0101851   0.00124252    -0.127959  -0.00886236
   -0.246982   -0.0245038   0.00154011   -0.0758287    -0.134499 -0.000136485    0.0455082     0.165805     0.128298   -0.0535856    -0.105872   -0.0545583   -0.0705997   -0.0852504   -0.0844515
     0.10378   -0.0629711   -0.0133599    0.0358365    -0.338707   -0.0792178     0.031976     0.179721   -0.0624651   -0.0147339     0.162062   -0.0545993    0.0950934   -0.0108249    0.0462109
   0.0146003   -0.0617828   0.00105903   -0.0323274    -0.301255   -0.0820835    0.0851293     0.210109    0.0254953   -0.0588362    0.0377449   -0.0598825    0.0902849   -0.0753157    0.0158332
    0.220598    -0.209317   -0.0299848     0.220903    -0.172138   -0.0391618    -0.125489   0.00196835   -0.0169204     0.261989     0.047755    0.0215104    0.0307382    0.0535158    -0.168948
    0.263698   -0.0935238   -0.0437992     0.225534    -0.139172    0.0633764    -0.143314   0.00670994   -0.0911378     0.160131   -0.0570478    0.0671871   -0.0604212    0.0129099   -0.0395103
    0.223102    -0.241596   -0.0262617     0.228426    -0.121138   -0.0535605    -0.130901   -0.0357268     0.034868     0.252945    0.0192232    0.0183641    0.0399913    0.0282135    -0.201803
    0.304131    0.0188699   -0.0565772     0.227128   -0.0934813     0.168898    -0.146664    0.0321624    -0.152406    0.0629829    -0.169909     0.114993    -0.124107 -0.000472922    0.0980707
    0.242044     -0.19252   -0.0327902     0.233549    -0.114365   -0.0114788    -0.146973   -0.0240541  -0.00202172     0.217241   -0.0186782    0.0448416    0.0053756    0.0144039    -0.160899
    0.198342    -0.285818   -0.0155467       0.2012   -0.0919305   -0.0887903   -0.0719722   -0.0807322    0.0831897     0.219056    0.0294288    -0.037942    0.0469496     0.022683    -0.121424
    0.300932   -0.0196606   -0.0531719     0.237088   -0.0656175     0.148978    -0.158684    0.0359627    -0.115515    0.0801475    -0.180512      0.13089   -0.0930243    0.0116428    0.0563873
    0.324978    0.0974224   -0.0582451     0.195912  -0.00769739     0.223761    -0.060101    0.0294425   -0.0906389    0.0038187    -0.188905    0.0420902   -0.0509893   0.00486389     0.105897
    0.338302     0.232587   -0.0602453     0.123056    0.0156758     0.272546     0.102517   -0.0636667   -0.0219985   -0.0177222    -0.106019    -0.172245   0.00411765    -0.088006     0.021871
    0.178711    -0.334501   -0.0035916     0.175196    -0.034862    -0.121905   -0.0189999    -0.155158     0.132994     0.160312    0.0209785    -0.101115    0.0335444  0.000796419   -0.0112986
    0.342985     0.237482   -0.0592188      0.11894    0.0579272     0.282801     0.128919   -0.0383268    0.0107784  -0.00883165    -0.105455      -0.1907    0.0572332    -0.066927    0.0121746
    -0.27852    -0.162356    0.0577842    -0.247404    0.0141796     0.255862   -0.0725275    -0.101636   -0.0541906    0.0166032    0.0848409     0.120908     0.158457    -0.121184   0.00567003
    0.238319    -0.237722   -0.0267576     0.237946   -0.0686097   -0.0452332     -0.15555   -0.0502373    0.0585361     0.205629   -0.0179255    0.0397563    0.0347128   -0.0137639    -0.218342
    0.192433    -0.337298  -0.00292106      0.18396   0.00990065    -0.127934   -0.0460316    -0.172913     0.152571     0.111049    0.0117142    -0.102162    0.0269319   -0.0490868  -0.00636924
    0.233674    -0.270789   -0.0184831     0.226587   0.00276926   -0.0721594    -0.141331   -0.0876631     0.116824      0.12952   -0.0289069    0.0185296    0.0425341   -0.0607315     -0.18015
    0.309886  -0.00946238   -0.0508481     0.228771   0.00652617     0.157779    -0.140689    0.0537207   -0.0656379    0.0297898     -0.19834     0.137221   -0.0422167    0.0236155    0.0461037
    0.312212   0.00630803   -0.0393199      0.18139     0.146292     0.137472   -0.0716157     0.123864    0.0329849   -0.0516951      -0.1279     0.128171    0.0848714     0.102577    0.0240632
    0.335229     0.141098   -0.0546106     0.161655    0.0884576     0.243812    0.0249039    0.0658021  -0.00893018   -0.0156598    -0.156901   -0.0178196    0.0657826    0.0522278    0.0780769
    0.159482    -0.343241   0.00363094     0.143854   -0.0156678    -0.127751    0.0247264    -0.166563     0.124218     0.108445    0.0206062     -0.12007    0.0164828   0.00781896    0.0671239
   -0.306382    -0.154156    0.0323198    -0.218628   -0.0120612     0.254328   -0.0345066   -0.0620229    0.0228995    0.0109243       0.0812     0.158713    0.0519237    -0.157286   -0.0090274
    0.224042    -0.294763   -0.0103118     0.206701    0.0503981   -0.0960856     -0.11453    -0.121142     0.142402    0.0600231   -0.0213397   -0.0190443     0.030773   -0.0905038   -0.0968476
    0.295388    -0.086728   -0.0374376     0.221609    0.0838445    0.0835798    -0.146671     0.053549    0.0342277  -0.00332506    -0.148799      0.14591    0.0334173    0.0142811   -0.0562776
    0.175496    -0.349303   0.00304885     0.159582    0.0173343    -0.137643  -0.00587326    -0.187512     0.147362    0.0816571    0.0194558     -0.12957    0.0134608    -0.037434     0.067378
    0.340251     0.222593   -0.0525695     0.104542     0.118831     0.257352     0.137461     0.022131    0.0521578    0.0079385   -0.0715866    -0.150669      0.11881   0.00297353   0.00349659
    0.333874     0.197111   -0.0460827    0.0957514      0.15661      0.22343     0.120296    0.0720464    0.0660399   0.00836797   -0.0459141   -0.0893707     0.138483    0.0585149    0.0112486
     0.17912    -0.341674   0.00829092     0.142045    0.0815678    -0.140404   -0.0154099    -0.185917     0.134171   -0.0227956    0.0177963    -0.124147   -0.0126775   -0.0823674     0.106394
    0.263474    -0.216806   -0.0234424     0.232466    0.0802525   -0.0260116    -0.176592   -0.0318876     0.117431    0.0268241   -0.0903708     0.104403    0.0495773   -0.0811111    -0.193753
    0.198344     -0.32871   0.00601065     0.155212     0.118805    -0.138372   -0.0525111    -0.170288     0.145836    -0.071623    0.0163605    -0.100301   -0.0143048    -0.128587    0.0913024
    0.234194    -0.240698 -0.000277171     0.151193      0.19866   -0.0876748    -0.102537   -0.0285053     0.110819    -0.168575   0.00757428     0.037281   0.00653192   -0.0975504  -0.00451091
    0.297777   -0.0387505   -0.0261865     0.156601     0.216444    0.0767001   -0.0723383     0.151772    0.0672433    -0.127076    -0.061552      0.15006     0.100671     0.108556    0.0182228
   0.0873502    -0.281523    0.0385213   -0.0299837     0.136167   -0.0960916    0.0796013    -0.121492   -0.0732235    -0.109305  -0.00572956   -0.0985904   -0.0565216    0.0481561    0.0593479
       0.326     0.096993   -0.0427503     0.144411     0.173287     0.188108    0.0150281     0.138563    0.0451757   -0.0468729    -0.103564    0.0541043     0.131073     0.132993    0.0516074
   -0.070416    -0.287852    0.0377637    -0.124454   -0.0380953    0.0421468     0.271565   -0.0776656   -0.0688056   -0.0100208    -0.094503    0.0945693   -0.0295277     0.132969    0.0216843
    0.254043    -0.237551   -0.0180587     0.220522    0.0952823   -0.0493754    -0.162872   -0.0477715     0.128741    0.0040902   -0.0670082    0.0798466    0.0446549   -0.0935047    -0.168216
   0.0709997    -0.303592    0.0127442    0.0387139    -0.093513    -0.073719     0.171967   -0.0587396    0.0357386    0.0822337  -0.00617201   -0.0429254  8.32825e-05     0.108119     0.112317
    0.025264    -0.298179    0.0180429  -0.00922346    -0.107547   -0.0460719     0.239917   -0.0333326    0.0210111    0.0617269   -0.0387917  0.000881104   -0.0143264     0.126732     0.126314
    0.249523    -0.204907  -0.00579167     0.158357     0.206047   -0.0602245    -0.113278    0.0176895     0.106697    -0.164339   -0.0031984    0.0802605    0.0268825   -0.0655142   -0.0309918
    0.309611    0.0660731    -0.027981     0.105756     0.243272     0.118481   0.00849726     0.205244     0.058032   -0.0736771   -0.0164018      0.11338     0.136706     0.179761    0.0389949
   0.0857808    -0.324483    0.0193311    0.0382474    -0.018556   -0.0896963     0.146863    -0.121692    0.0309115    0.0327133   -0.0104737   -0.0756685   -0.0169105    0.0965069     0.126151
    0.268758    -0.136755   -0.0118419     0.150358     0.229602   -0.0123719    -0.100754     0.091947    0.0874037    -0.175548   -0.0117028     0.124362    0.0537275   0.00660141   -0.0155134
    0.303663   0.00815551   -0.0272351      0.13502     0.229976    0.0976218   -0.0359699     0.178108     0.063211     -0.10763   -0.0435062     0.134873     0.119669     0.145256    0.0304455
    0.254191    -0.162861  -0.00309318     0.128757     0.251891   -0.0507519   -0.0980328    0.0841354    0.0802176    -0.211065    0.0276202     0.109035    0.0248973   -0.0255716   -0.0120013
   0.0550803    -0.311458    0.0341663   -0.0283554    0.0526523   -0.0692104     0.158056    -0.135963   -0.0466787   -0.0482394     -0.03273   -0.0625576   -0.0399391     0.113721    0.0933629
  -0.0873189    -0.248235    0.0601015     -0.18797    0.0622166    0.0635005     0.142174    -0.121106    -0.201899   -0.0433913   -0.0659153    0.0281784    0.0312074     0.137396    -0.108892
   -0.252078    -0.152401    0.0716612    -0.253645    0.0329432     0.223891   -0.0944737    -0.105677    -0.103586    0.0184673    0.0597655      0.05871     0.197187   -0.0702436 -0.000471086
    0.183428    -0.337013    0.0146675     0.122593     0.152147    -0.152534   -0.0232004    -0.186059     0.123024    -0.142141    0.0311905    -0.134187   -0.0458037    -0.139838     0.172782
    0.241555    -0.168293   0.00525774    0.0979101      0.27892   -0.0784655   -0.0868923    0.0951528    0.0592483    -0.241364    0.0684292    0.0981819  -0.00307413   -0.0370158  -0.00401321
  0.00655338    -0.312158    0.0318773   -0.0548398   -0.0261725   -0.0284437     0.242125    -0.101906   -0.0391797   0.00081801   -0.0646023    0.0060827   -0.0319309     0.161857    0.0982501
    0.188285    -0.311621    0.0152464     0.110753     0.179373    -0.141433   -0.0313564    -0.142253     0.100928    -0.175659    0.0352366   -0.0979745   -0.0461006     -0.12565     0.142256
     0.21217    -0.260968   0.00962105     0.117007     0.213084    -0.114053   -0.0691427   -0.0551305     0.088831    -0.200826    0.0345453   -0.0120026   -0.0252611    -0.105669    0.0534338
   -0.645885     0.111603    -0.593127     0.146542    0.0892872    -0.104888    0.0308262   -0.0269657   -0.0505665    0.0037433 -0.000791916    0.0109784    0.0249375  -0.00218367  0.000195358
   -0.660833      0.27579     0.623461     0.472254    0.0716637     -0.12642     0.126153   -0.0642491     -0.11065   0.00670989    0.0146538     0.105234    0.0963684    -0.104823     0.013121
   -0.596704     0.210856     0.456377      0.33129    0.0479922   -0.0704167    0.0495713   -0.0210656   -0.0329473   0.00159051   0.00184907    0.0163439     0.010592   0.00387363  -0.00093585
   -0.664466     0.120148    -0.650883     0.161909     0.100021    -0.124492    0.0411268   -0.0381725   -0.0744413   0.00571826  -0.00166836    0.0200449    0.0557657   -0.0157523   0.00990157
   -0.420103    0.0437539  -0.00587915    0.0111718   -0.0306495    0.0217852   -0.0331761    0.0863867     0.112511   -0.0219577   -0.0462367   -0.0821087     -0.12962    0.0571298   -0.0623486
   -0.534947    0.0600978    -0.262773    0.0555511    0.0268905   0.00696241    -0.025246    0.0343368    0.0788331   -0.0069958   0.00376018   -0.0351889    -0.133045    0.0619861   -0.0467154
   -0.462621    0.0884721     0.132938    0.0738395  -0.00196618    0.0137339   -0.0559797    0.0545191    0.0827549   -0.0107649   -0.0300129   -0.0984904   -0.0999817     0.103441   -0.0316026
    -0.50649    0.0599425    -0.152066    0.0466583    0.0125174    0.0200351   -0.0412601    0.0488597    0.0977724   -0.0098293  -0.00419363   -0.0613202    -0.147432    0.0866877   -0.0486891
   -0.612166     0.224527     0.493977     0.360637    0.0542829   -0.0793884    0.0618439   -0.0313581   -0.0480138   0.00355412   0.00699642    0.0320113    0.0267369   -0.0113813   0.00471138